20.20 58.30
20.20 58.70
19.30 60.80
18.50 62.70
18.00 64.80
17.20 59.20
16.70 65.20
16.40 66.80
16.20 68.60
16.20 68.60
16.10 69.20
16.10 70.00
16.10 70.00
16.20 70.20
16.20 70.20
16.20 70.30
16.20 70.30
16.20 70.30
16.20 70.30
16.20 70.50
16.10 69.60
16.00 70.10
16.00 70.80
16.00 70.80
16.00 70.80
16.00 70.80
16.00 70.90
16.00 71.00
15.90 71.00
15.90 71.10
16.00 71.20
16.00 71.20
15.90 71.30
15.90 71.30
15.90 71.30
15.90 71.40
15.90 71.40
15.90 71.40
15.90 71.50
15.90 71.50
15.90 71.50
15.90 71.50
15.90 71.50
15.90 71.50
15.90 71.60
15.90 71.50
15.90 71.50
15.90 71.50
15.90 71.50
15.90 71.50
15.90 71.40
15.90 71.40
15.90 71.40
15.80 71.40
15.80 71.40
15.80 71.40
15.80 71.40
15.80 71.40
15.80 71.40
15.80 71.50
15.80 71.40
15.80 71.40
15.80 71.40
15.80 71.40
15.80 71.40
15.80 71.40
15.80 71.40
15.80 71.40
15.80 71.40
15.80 71.40
15.70 71.40
15.80 71.50
15.80 71.40
15.80 71.40
15.80 71.30
15.80 71.40
15.80 71.30
15.80 71.30
15.80 71.40
15.70 71.40
15.70 71.40
15.70 71.30
15.70 71.40
15.70 71.40
15.70 71.30
15.70 71.20
15.70 71.20
15.70 71.20
15.70 71.20
15.70 71.20
15.70 71.20
15.70 71.10
15.70 71.20
15.70 71.20
15.70 71.10
15.70 71.10
15.70 71.10
15.70 71.00
15.70 71.20
15.70 71.20
15.70 71.10
15.70 71.10
15.70 71.00
15.70 71.10
15.70 71.00
15.70 70.90
15.70 71.00
15.70 70.90
15.70 70.90
15.70 70.90
15.70 70.90
15.70 70.90
15.70 70.80
15.70 70.90
15.70 70.80
15.60 70.80
15.70 70.80
15.70 70.90
15.70 70.80
15.70 70.80
15.60 70.70
15.60 70.60
15.60 70.70
15.60 70.70
15.60 70.70
15.60 70.80
15.60 70.70
15.60 70.70
15.60 70.70
15.60 70.60
15.60 70.60
15.60 70.50
15.60 70.50
15.60 70.60
15.60 70.50
15.60 70.50
15.60 70.50
15.60 70.50
15.60 70.40
15.60 70.50
15.60 70.50
15.50 70.50
15.60 70.60
15.60 70.40
15.60 70.40
15.60 70.40
15.50 70.30
15.60 70.30
15.60 70.30
15.60 70.30
15.60 70.30
15.60 70.30
15.50 70.30
15.60 70.30
15.50 70.30
15.60 70.20
15.60 70.20
15.60 70.10
15.60 70.30
15.50 70.20
15.50 70.10
15.50 70.00
15.50 70.00
15.50 70.10
15.50 70.00
15.50 70.00
15.50 70.00
15.50 70.10
15.50 70.00
15.50 70.00
15.50 70.00
15.50 69.90
15.50 69.80
15.50 69.90
15.50 69.80
15.50 69.80
15.50 69.80
15.40 69.80
15.40 69.90
15.50 69.90
15.50 69.80
15.50 69.80
15.50 69.70
15.50 69.70
15.50 69.80
15.50 69.70
15.50 69.70
15.50 69.70
15.50 69.60
15.50 69.60
15.50 69.60
15.50 69.60
15.50 69.50
15.50 69.50
15.40 69.40
15.50 69.30
15.50 69.40
15.40 69.40
15.50 69.40
15.40 69.30
15.40 69.20
15.40 69.40
15.40 69.40
15.50 69.30
15.40 69.30
15.40 69.10
15.40 69.10
15.40 69.10
15.40 69.10
15.40 69.20
15.40 69.20
15.40 69.10
15.40 69.10
15.40 69.00
15.40 69.00
15.40 69.00
15.40 69.00
15.40 68.80
15.40 68.80
15.40 68.90
15.40 68.90
15.40 68.90
15.40 68.80
15.40 68.90
15.40 68.80
15.40 68.80
15.40 68.80
15.40 68.70
15.40 68.70
15.40 68.80
15.40 68.60
15.40 68.50
15.30 68.50
15.40 68.50
15.40 68.40
15.40 68.30
15.40 68.30
15.40 68.50
15.30 68.40
15.30 68.30
15.40 68.20
15.30 68.20
15.30 68.30
15.30 68.10
15.30 68.10
15.30 68.20
15.30 68.20
15.30 68.20
15.30 68.20
15.30 68.10
15.30 68.30
15.30 68.00
15.30 68.10
15.30 68.10
15.30 68.10
15.30 68.20
15.30 68.00
15.30 68.10
15.30 68.00
15.30 67.90
15.30 67.80
15.30 68.10
15.30 67.80
15.40 67.70
15.40 67.60
15.30 67.70
15.30 67.70
15.30 67.80
15.30 67.90
15.30 67.70
15.30 67.60
15.30 67.60
15.30 67.60
15.30 67.60
15.30 67.60
15.30 67.40
15.30 67.40
15.30 67.40
15.30 67.40
15.30 67.30
15.30 67.40
15.30 67.40
15.30 67.40
15.20 67.40
15.30 67.40
15.30 67.20
15.30 67.30
15.30 67.20
15.30 67.30
15.20 67.20
15.20 67.30
15.20 67.10
15.30 67.20
15.20 67.20
15.20 67.10
15.30 67.10
15.20 67.20
15.20 67.20
15.20 67.20
15.20 67.20
15.30 67.00
15.20 66.90
15.20 67.00
15.20 67.00
15.20 67.00
15.20 67.00
15.20 66.90
15.20 67.10
15.20 67.00
15.20 66.80
15.20 66.70
15.20 66.80
15.20 66.80
15.20 66.70
15.20 66.90
15.20 66.90
15.20 66.80
15.20 67.00
15.20 66.80
15.20 67.00
15.20 67.10
15.20 66.70
15.20 66.80
15.20 66.70
15.20 66.70
15.20 66.70
15.20 66.80
15.20 66.70
15.20 66.50
15.20 66.60
15.20 66.50
15.20 66.50
15.20 66.50
15.20 66.60
15.20 66.60
15.20 66.50
15.20 66.70
15.20 66.50
15.20 66.70
15.20 66.60
15.20 66.40
15.20 66.40
15.20 66.40
15.20 66.30
15.20 66.40
15.20 66.40
15.20 66.40
15.20 66.40
15.20 66.40
15.20 66.50
15.20 66.40
15.20 66.50
15.20 66.30
15.20 66.40
15.20 66.50
15.20 66.40
15.20 66.50
15.10 66.40
15.20 66.30
15.10 66.40
15.20 66.30
15.20 66.30
15.20 66.20
15.10 66.40
15.10 66.40
15.20 66.20
15.20 66.30
15.10 66.40
15.10 66.50
15.10 66.50
15.10 66.60
15.10 66.40
15.10 66.00
15.10 66.10
15.10 66.20
15.10 66.00
15.10 65.90
15.10 65.90
15.10 66.20
15.10 66.20
15.10 66.00
15.10 66.10
15.10 66.00
15.10 66.00
15.10 66.00
15.10 66.00
15.10 66.00
15.10 65.80
15.10 66.00
15.10 65.90
15.10 66.00
15.10 65.90
15.00 66.10
15.10 66.00
15.10 66.10
15.10 66.10
15.10 65.80
15.10 65.80
15.10 66.00
15.00 65.90
15.00 65.80
15.00 66.00
15.00 66.00
15.00 66.00
15.00 65.90
15.00 66.00
15.10 66.00
15.00 66.00
15.00 65.90
15.00 65.90
15.10 66.00
15.10 66.00
15.10 65.90
15.00 65.90
15.10 65.90
15.10 65.90
15.00 66.00
15.10 66.00
15.00 65.90
15.00 65.90
15.00 65.90
15.00 66.00
15.00 66.00
15.00 65.90
15.00 66.10
15.00 66.20
15.00 66.20
15.00 65.90
15.00 65.80
15.00 65.90
15.00 65.90
15.00 66.00
15.00 65.90
15.00 65.90
15.00 66.00
15.00 65.90
15.00 65.90
15.00 65.90
15.00 66.00
15.00 65.90
15.00 65.70
15.00 65.90
15.00 65.90
15.00 65.70
15.00 65.90
15.00 66.10
15.00 65.80
15.00 65.80
15.00 65.70
15.00 65.70
14.90 65.90
15.00 65.90
15.00 65.90
14.90 65.90
15.00 65.80
15.00 65.80
15.00 65.90
15.00 65.80
15.00 65.80
15.00 65.80
15.00 65.80
15.00 65.80
15.10 65.70
15.10 65.70
15.10 65.70
15.10 65.60
15.20 65.60
15.20 65.50
15.20 65.50
15.20 65.40
15.20 65.30
15.20 65.30
15.20 65.20
15.20 65.20
15.30 65.20
15.30 65.20
15.30 65.20
15.30 65.10
15.30 63.80
15.10 65.10
15.10 65.40
15.10 65.40
15.10 65.40
15.10 65.30
15.10 65.30
15.10 65.30
15.10 65.10
15.20 65.10
15.20 65.00
15.20 65.00
15.20 65.00
15.20 65.00
15.20 64.80
15.20 64.90
15.20 65.00
15.20 64.90
15.20 64.80
15.20 64.90
15.20 64.90
15.20 64.90
15.20 64.80
15.20 64.90
15.20 64.90
15.20 64.80
15.20 64.80
15.20 64.80
15.20 64.80
15.20 64.90
15.20 64.90
15.30 64.80
15.20 64.70
15.20 64.80
15.20 64.70
15.20 64.70
15.20 64.70
15.30 64.70
15.20 64.70
15.20 64.80
15.20 64.70
15.20 64.90
15.20 64.80
15.20 64.80
15.20 64.80
15.20 64.70
15.20 64.70
15.20 64.70
15.20 64.60
15.20 64.60
15.20 64.70
15.20 64.60
15.20 64.70
15.20 64.60
15.20 64.60
15.20 64.60
15.20 64.60
15.20 64.60
15.20 64.60
15.20 64.60
15.20 64.50
15.20 64.70
15.20 64.50
15.20 64.70
15.20 64.50
15.20 64.50
15.20 64.50
15.20 64.50
15.20 64.50
15.20 64.50
15.20 64.50
15.20 64.70
15.20 64.50
15.20 64.50
15.20 64.50
15.20 64.50
15.20 64.50
15.20 64.40
15.20 64.40
15.20 64.40
15.20 64.40
15.20 64.40
15.20 64.40
15.20 64.40
15.20 64.40
15.20 64.40
15.20 64.40
15.20 64.40
15.20 64.40
15.20 64.40
15.20 64.40
15.20 64.40
15.20 64.40
15.20 64.40
15.20 64.40
15.20 64.50
15.20 64.40
15.30 64.40
15.30 64.30
15.30 64.30
15.30 64.30
15.30 64.20
15.30 64.20
15.30 64.20
15.30 64.10
15.30 64.20
15.30 64.10
15.30 64.10
15.30 63.90
15.40 63.80
15.50 63.60
15.60 63.50
15.60 63.40
15.70 63.30
15.70 63.30
15.80 63.20
15.90 63.10
15.90 62.90
16.00 62.80
16.00 62.80
16.10 62.70
16.10 62.70
16.10 62.70
16.20 62.60
16.20 62.60
16.20 62.50
16.20 62.50
16.30 62.50
16.30 62.50
16.30 62.50
16.30 62.50
16.30 62.50
16.30 62.50
16.30 62.50
16.30 62.50
16.40 62.50
16.30 62.50
16.40 62.50
16.40 62.50
16.40 62.60
16.40 62.60
16.40 62.70
16.40 62.70
16.40 62.70
16.40 62.70
16.40 62.70
16.40 62.70
16.40 62.80
16.40 62.80
16.40 62.80
16.40 62.80
16.40 62.80
16.50 62.80
16.50 62.80
16.40 62.80
16.40 62.90
16.50 62.90
16.40 63.00
16.40 63.00
16.40 63.00
16.40 63.00
16.50 63.00
16.50 63.00
16.50 63.00
16.50 63.10
16.50 63.00
16.50 63.00
16.50 63.00
16.50 63.00
16.60 63.00
16.60 63.00
16.60 62.90
16.60 63.00
16.60 62.90
16.70 63.00
16.70 62.90
16.70 62.80
16.70 62.80
16.70 62.80
16.70 62.70
16.70 62.80
16.70 62.70
16.70 62.80
16.70 62.80
16.70 62.80
16.80 62.80
16.80 62.80
16.70 62.80
16.80 62.80
16.70 62.90
16.70 63.00
16.70 63.00
16.70 63.00
16.70 63.10
16.70 63.10
16.70 63.10
16.70 63.10
16.70 63.10
16.70 63.00
16.70 63.00
16.80 63.00
16.70 63.00
16.80 63.00
16.80 63.00
16.80 63.10
16.80 63.00
16.80 63.10
16.80 63.10
16.80 63.20
16.70 63.30
16.70 63.40
16.70 63.60
16.60 63.70
16.70 63.70
16.70 63.70
16.70 63.70
16.70 63.60
16.70 63.60
16.70 63.60
16.70 63.70
16.60 63.90
16.60 63.90
16.60 64.20
16.50 65.60
16.40 65.80
16.40 66.00
16.50 66.00
16.60 66.10
16.60 65.70
16.70 65.40
16.80 65.40
16.90 65.10
16.90 65.00
16.90 64.80
17.00 64.70
17.00 64.60
17.10 64.60
17.10 64.70
17.10 64.70
17.20 64.40
17.20 64.50
17.20 64.40
17.20 64.30
17.30 64.30
17.30 64.20
17.30 64.30
17.30 64.30
17.30 64.10
17.30 64.10
17.40 64.20
17.30 64.20
17.30 64.20
17.30 64.10
17.30 64.20
17.30 64.20
17.30 64.20
17.40 64.20
17.30 64.30
17.40 64.60
17.40 64.60
17.40 64.50
17.40 64.40
17.40 64.50
17.40 64.40
17.40 64.50
17.40 64.50
17.40 64.50
17.40 64.50
17.40 64.50
17.40 64.90
17.40 64.90
17.50 64.90
17.40 64.80
17.40 64.80
17.40 64.70
17.40 64.80
17.40 64.80
17.40 64.80
17.40 64.90
17.30 64.90
17.40 65.00
17.30 65.00
17.30 65.00
17.30 65.30
17.30 65.30
17.30 65.40
17.30 65.40
17.30 65.30
17.30 65.50
17.30 66.00
17.30 65.90
17.30 65.80
17.30 65.80
17.30 65.70
17.30 65.80
17.30 65.70
17.30 65.70
17.30 65.90
17.30 65.80
17.30 65.70
17.30 65.60
17.40 65.70
17.40 65.70
17.40 65.50
17.50 65.50
17.40 65.50
17.50 65.60
17.50 65.50
17.50 65.40
17.50 65.50
17.50 65.40
17.50 65.40
17.60 65.40
17.60 65.40
17.60 65.40
17.60 65.40
17.50 65.50
17.50 65.50
17.60 65.50
17.50 65.60
17.60 65.60
17.60 65.80
17.50 65.70
17.50 65.80
17.50 65.90
17.60 65.90
17.60 66.00
17.50 66.00
17.60 66.20
17.50 66.30
17.50 66.70
17.60 66.80
17.60 66.70
17.70 66.80
17.60 66.90
17.70 66.70
17.60 66.60
17.60 66.60
17.60 66.50
17.60 66.60
17.70 66.60
17.60 66.70
17.60 66.80
17.70 67.00
17.70 67.30
17.70 67.30
17.70 67.20
17.70 67.00
17.80 67.00
17.80 67.00
17.80 66.70
17.80 66.70
17.80 66.70
17.80 66.60
17.90 66.60
17.80 66.60
17.80 66.60
17.80 66.60
17.90 66.60
17.90 66.60
17.90 66.50
17.90 66.50
17.90 66.60
17.90 66.50
18.00 66.40
18.00 66.40
18.00 66.40
18.00 66.30
18.10 66.80
18.10 66.50
18.10 66.40
18.10 66.40
18.10 66.40
18.10 66.50
18.10 66.60
18.10 66.60
18.20 66.50
18.20 66.50
18.20 66.50
18.20 66.40
18.20 66.50
18.20 66.70
18.20 66.50
18.20 66.60
18.20 66.50
18.20 66.50
18.20 66.60
18.20 66.50
18.20 66.50
18.20 66.50
18.20 66.50
18.20 66.60
18.20 66.50
18.20 66.50
18.20 66.60
18.20 66.70
18.20 66.70
18.20 67.10
18.20 67.10
18.20 67.00
18.10 67.10
18.10 67.10
18.00 67.30
18.00 67.40
18.00 67.40
18.00 67.50
18.00 67.50
18.00 67.60
18.00 67.40
18.10 67.30
18.10 67.30
18.10 67.20
18.10 67.20
18.10 67.10
18.10 67.10
18.20 67.10
18.20 67.10
18.20 67.10
18.20 67.30
18.20 67.10
18.20 67.10
18.20 67.10
18.20 67.00
18.20 67.00
18.20 67.10
18.20 67.10
18.20 67.10
18.20 67.10
18.20 67.20
18.20 67.10
18.20 67.20
18.20 67.20
18.20 67.20
18.20 67.20
18.10 67.20
18.10 67.30
18.20 67.40
18.10 67.40
18.10 67.50
18.10 67.60
18.10 67.60
18.10 67.70
18.10 67.70
18.10 67.70
18.10 67.90
18.10 67.90
18.00 68.00
18.00 68.10
18.10 68.10
18.00 68.20
18.00 68.30
18.10 68.40
18.00 68.40
18.10 68.60
18.10 68.50
18.00 68.60
18.10 68.60
18.00 68.70
18.10 68.70
18.00 69.40
18.00 69.00
18.00 69.50
18.10 69.40
18.10 69.20
18.20 69.30
18.20 69.10
18.20 69.00
18.20 68.70
18.30 68.60
18.30 68.50
18.30 68.40
18.40 68.30
18.40 68.30
18.40 68.20
18.40 68.20
18.40 68.20
18.40 68.10
18.40 68.10
18.40 68.10
18.40 68.10
18.40 68.00
18.40 68.10
18.40 68.10
18.40 68.10
18.40 68.10
18.40 68.60
18.40 68.80
18.30 68.70
18.30 68.60
18.30 68.60
18.40 68.50
18.30 68.50
18.30 68.50
18.30 68.40
18.30 68.50
18.30 68.40
18.30 68.50
18.30 68.40
18.30 68.40
18.30 68.40
18.30 68.40
18.30 68.40
18.30 68.50
18.30 68.60
18.30 68.70
18.20 68.60
18.20 68.70
18.20 68.60
18.20 68.70
18.20 68.70
18.10 68.80
18.20 68.80
18.10 68.90
18.10 68.90
18.00 68.90
18.00 69.00
18.00 69.10
18.10 69.20
18.10 69.50
18.10 69.20
18.00 68.50
17.70 68.80
17.70 69.60
17.80 69.80
17.80 69.70
17.90 69.50
17.90 69.30
18.00 69.20
18.00 69.10
18.00 68.90
18.10 68.90
18.10 68.90
18.20 68.70
18.10 68.60
18.20 68.60
18.20 68.50
18.20 68.50
18.20 68.40
18.30 68.40
18.30 68.30
18.20 68.30
18.20 68.30
18.30 68.30
18.30 68.30
18.30 68.30
18.30 68.30
18.30 68.40
18.20 68.70
18.30 68.70
18.30 68.50
18.30 68.60
18.20 68.60
18.20 68.60
18.20 68.70
18.20 68.70
18.20 68.90
18.20 68.90
18.20 68.70
18.00 69.20
18.00 69.30
18.00 69.20
18.00 69.20
18.10 69.10
18.00 69.00
18.10 69.00
18.00 68.90
18.10 68.90
18.10 68.90
18.10 69.00
18.10 69.00
18.10 68.90
18.20 69.00
18.20 68.90
18.10 68.90
18.20 69.00
18.20 68.90
18.20 69.00
18.10 69.10
18.10 69.10
18.20 69.10
18.10 69.00
18.10 69.00
18.10 69.00
18.20 69.10
18.20 69.10
18.20 69.30
18.20 69.00
18.20 68.90
18.20 68.80
18.20 68.70
18.30 68.70
18.30 68.70
18.30 68.70
18.30 69.00
18.30 68.90
18.30 68.90
18.30 68.80
18.30 68.80
18.30 68.80
18.30 68.70
18.30 68.70
18.30 68.70
18.30 68.70
18.30 68.80
18.30 68.90
18.20 68.90
18.20 68.90
18.20 69.00
18.20 69.10
18.20 69.10
18.20 69.30
18.20 69.40
18.20 69.30
18.20 69.30
18.20 69.20
18.20 69.30
18.20 69.30
18.20 69.40
18.20 69.50
18.20 69.40
18.20 69.40
18.20 69.50
18.10 69.50
18.20 69.60
18.10 69.60
18.10 69.60
18.10 69.60
18.10 69.60
18.10 69.90
18.10 70.10
18.10 70.00
18.10 69.90
18.20 70.30
18.20 69.80
18.30 69.60
18.30 69.50
18.30 69.40
18.30 69.40
18.30 69.30
18.30 69.20
18.30 69.20
18.40 69.20
18.40 69.20
18.40 69.20
18.40 69.20
18.40 69.20
18.40 69.10
18.40 69.20
18.40 69.70
18.40 69.60
18.40 69.40
18.40 69.40
18.40 69.40
18.30 69.40
18.30 69.50
18.30 69.50
18.30 69.60
18.30 69.60
18.30 69.60
18.30 69.60
18.30 69.60
18.30 69.70
18.30 69.70
18.30 69.90
18.30 69.80
18.30 69.80
18.30 69.80
18.30 69.70
18.30 69.70
18.30 69.70
18.30 69.80
18.30 69.70
18.30 69.70
18.30 69.90
18.30 69.80
18.30 69.80
18.30 69.80
18.20 69.80
18.30 69.80
18.20 69.80
18.20 69.90
18.20 69.90
18.20 69.90
18.20 69.90
18.20 69.90
18.20 70.00
18.20 70.10
18.20 70.10
18.20 70.20
18.10 70.20
18.10 70.30
18.10 70.40
18.10 70.40
18.10 70.50
18.10 70.50
18.10 70.60
18.10 70.70
18.10 70.70
18.10 70.70
18.00 70.80
18.00 70.80
18.00 70.90
18.00 70.90
18.00 71.00
18.00 71.00
18.00 71.10
17.90 71.20
18.00 71.40
18.00 71.70
18.00 71.80
17.90 71.60
18.00 71.60
17.90 71.70
18.00 71.60
18.00 71.50
18.00 71.50
17.90 71.50
17.90 71.40
17.90 71.50
17.90 71.50
17.90 71.40
17.90 71.40
17.90 71.50
17.90 71.50
17.80 71.50
17.90 71.70
17.80 71.70
17.80 71.60
17.70 71.70
17.80 71.80
17.80 71.80
17.80 71.80
17.70 71.80
17.70 71.80
17.70 71.90
17.70 71.90
17.70 71.90
17.70 71.90
17.70 71.90
17.70 72.10
17.70 71.90
17.70 72.00
17.70 72.10
17.70 71.90
17.60 70.90
17.50 71.10
17.30 70.30
17.20 69.40
17.00 70.20
16.90 69.80
16.80 69.50
16.70 70.40
16.70 70.40
16.60 70.80
16.60 70.80
16.50 71.10
16.50 71.00
16.40 71.00
16.30 64.70
15.60 58.90
15.10 66.70
15.20 69.00
15.30 69.50
15.50 70.00
15.70 70.10
15.80 70.40
16.00 70.00
16.00 69.60
16.20 69.40
16.20 69.10
16.20 68.80
16.30 69.80
16.40 70.60
16.50 70.30
16.40 70.00
16.50 70.00
16.50 70.80
16.50 70.20
16.50 70.60
16.50 69.70
16.50 70.00
16.50 69.60
16.20 68.20
16.00 65.00
15.70 67.20
15.60 67.70
15.60 68.60
15.60 65.60
15.50 68.20
15.50 68.60
15.40 70.00
15.50 69.40
15.60 70.20
15.60 70.20
15.70 70.20
15.70 70.40
15.70 69.70
15.70 70.20
15.80 69.90
15.80 70.00
15.80 69.80
15.90 69.60
15.90 69.70
15.90 69.80
15.80 69.90
15.80 69.90
15.80 70.00
15.80 70.10
15.80 70.10
15.80 70.20
15.80 70.20
15.70 70.30
15.80 70.30
15.70 70.30
15.70 70.50
15.70 70.50
15.70 70.50
15.70 70.60
15.70 70.60
15.70 70.60
15.60 70.60
15.60 70.60
15.60 70.60
15.50 70.70
15.60 70.80
15.50 70.60
15.50 70.70
15.50 70.70
15.60 70.80
15.60 70.80
15.60 70.70
15.60 70.70
15.50 70.70
15.50 70.60
15.50 70.70
15.50 70.70
15.50 70.70
15.50 70.60
15.50 70.70
15.50 70.50
15.60 70.50
15.50 70.50
15.50 70.50
15.50 70.60
15.50 70.60
15.50 70.60
15.40 70.30
15.40 70.40
15.40 70.50
15.40 70.60
15.40 70.50
15.40 70.50
15.40 70.40
15.40 70.60
15.40 70.50
15.40 70.40
15.40 70.60
15.30 70.40
15.30 70.30
15.30 70.30
15.40 70.40
15.30 70.30
15.30 70.30
15.30 70.30
15.30 70.30
15.30 70.20
15.30 70.10
15.30 70.10
15.30 70.20
15.20 70.20
15.30 70.20
15.30 70.20
15.30 70.20
15.20 70.20
15.20 70.10
15.30 70.00
15.30 70.10
15.20 70.10
15.20 70.10
15.20 70.10
15.20 70.00
15.20 69.80
15.20 69.80
15.20 70.00
15.20 69.90
15.20 69.80
15.20 69.70
15.20 69.80
15.20 69.60
15.20 69.70
15.20 69.80
15.20 69.70
15.20 69.80
15.20 69.70
15.20 69.70
15.20 69.60
15.20 69.60
15.20 69.70
15.20 69.50
15.20 69.60
15.20 69.40
15.20 69.50
15.20 69.40
15.20 69.50
15.20 69.40
15.20 69.30
15.20 69.20
15.20 69.40
15.20 69.30
15.20 69.30
15.20 69.30
15.20 69.20
15.20 69.30
15.20 69.10
15.20 69.20
15.20 69.20
15.20 69.10
15.20 69.10
15.20 69.00
15.20 69.10
15.20 69.10
15.20 69.10
15.20 69.00
15.20 69.00
15.20 68.90
15.20 68.90
15.20 68.90
15.10 68.90
15.20 68.80
15.20 68.80
15.10 68.60
15.10 68.80
15.20 68.80
15.20 68.70
15.10 68.70
15.10 68.70
15.10 68.80
15.10 68.50
15.10 68.70
15.10 68.70
15.10 68.50
15.10 68.60
15.10 68.60
15.10 68.60
15.10 68.50
15.10 68.40
15.10 68.50
15.10 68.40
15.10 68.40
15.10 68.40
15.10 68.40
15.10 68.40
15.10 68.40
15.10 68.30
15.10 68.40
15.10 68.40
15.10 68.40
15.10 68.40
15.10 68.30
15.10 68.30
15.10 68.30
15.10 68.20
15.10 68.20
15.00 68.20
15.00 68.20
15.10 68.30
15.00 68.10
15.00 68.20
15.00 68.10
15.00 68.10
15.10 68.10
15.00 68.20
15.00 68.00
15.00 67.90
15.00 67.90
15.00 68.10
15.00 68.00
15.00 68.10
15.00 68.00
15.00 68.00
15.00 67.80
15.00 67.90
15.00 67.90
15.00 67.90
14.90 67.90
15.00 67.90
15.00 67.70
15.00 67.80
15.00 67.80
15.00 67.80
15.00 67.70
14.90 67.70
15.00 67.60
15.00 67.60
14.90 67.60
15.00 67.60
15.00 67.60
15.00 67.60
15.00 67.60
14.90 67.50
14.90 67.60
14.90 67.50
14.90 67.50
14.90 67.60
14.90 67.40
14.90 67.40
14.90 67.40
14.90 67.40
14.90 67.40
14.90 67.40
15.00 67.40
14.90 67.40
14.90 67.40
14.90 67.30
14.90 67.40
14.90 67.30
14.90 67.40
14.90 67.40
14.90 67.30
14.90 67.30
14.90 67.20
14.90 67.20
14.90 67.20
14.90 67.20
14.90 67.10
14.90 67.10
14.90 67.20
14.90 67.10
14.90 67.00
14.90 67.00
14.90 67.00
14.90 67.00
14.90 67.00
14.90 67.00
14.90 66.90
14.80 67.00
14.90 67.00
14.80 66.90
14.90 67.00
14.80 66.90
14.80 67.00
14.80 66.90
14.80 66.90
14.80 66.80
14.80 66.90
14.90 66.90
14.80 66.90
14.80 66.80
14.90 66.80
14.80 66.80
14.80 66.70
14.90 66.90
14.80 66.80
14.80 66.80
14.80 66.70
14.80 66.80
14.80 66.70
14.80 66.70
14.80 66.70
14.80 66.70
14.80 66.60
14.80 66.60
14.80 66.60
14.80 66.60
14.80 66.50
14.80 66.70
14.80 66.50
14.80 66.50
14.80 66.50
14.80 66.50
14.80 66.40
14.80 66.50
14.80 66.50
14.80 66.50
14.80 66.40
14.80 66.40
14.80 66.40
14.80 66.30
14.80 66.40
14.80 66.40
14.80 66.40
14.80 66.30
14.80 66.40
14.80 66.30
14.80 66.30
14.80 66.30
14.80 66.30
14.80 66.30
14.70 66.30
14.70 66.20
14.70 66.30
14.70 66.30
14.70 66.30
14.70 66.30
14.70 66.20
14.70 66.20
14.70 66.20
14.70 66.20
14.70 66.20
14.70 66.10
14.70 66.20
14.70 66.10
14.70 66.00
14.70 66.10
14.70 66.10
14.70 66.00
14.70 66.10
14.70 66.20
14.70 66.10
14.70 66.10
14.70 66.00
14.70 66.00
14.70 66.10
14.70 66.00
14.70 66.00
14.70 65.90
14.70 65.90
14.70 65.90
14.70 65.90
14.70 65.90
14.70 65.80
14.70 65.80
14.70 65.90
14.70 65.90
14.70 65.80
14.70 65.80
14.70 65.70
14.70 65.80
14.70 65.60
14.70 65.70
14.70 65.60
14.70 65.60
14.70 65.70
14.70 65.60
14.70 65.70
14.70 65.70
14.60 65.60
14.70 65.60
14.70 65.60
14.70 65.50
14.70 65.50
14.70 65.50
14.70 65.50
14.70 65.50
14.70 65.50
14.70 65.50
14.70 65.40
14.70 65.50
14.60 65.40
14.60 65.50
14.70 65.50
14.70 65.50
14.60 65.40
14.70 65.40
14.70 65.50
14.60 65.40
14.60 65.40
14.60 65.30
14.60 65.30
14.60 65.30
14.60 65.40
14.70 65.40
14.60 65.40
14.60 65.30
14.70 65.30
14.60 65.30
14.60 65.30
14.60 65.30
14.60 65.30
14.60 65.30
14.60 65.30
14.60 65.30
14.60 65.30
14.60 65.30
14.60 65.30
14.50 65.40
14.50 65.30
14.60 65.30
14.60 65.30
14.60 65.30
14.50 65.30
14.50 65.20
14.50 65.20
14.50 65.20
14.50 65.10
14.60 65.20
14.60 65.20
14.50 65.20
14.50 65.20
14.50 65.20
14.50 65.20
14.50 65.10
14.50 65.10
14.50 65.10
14.50 65.10
14.50 65.20
14.50 65.10
14.50 65.30
14.50 65.20
14.50 65.20
14.40 65.10
14.50 65.20
14.50 65.20
14.50 65.20
14.50 65.20
14.40 65.10
14.40 65.20
14.40 65.20
14.40 65.20
14.40 65.10
14.40 65.10
14.40 65.20
14.40 65.20
14.40 65.10
14.40 65.10
14.40 65.10
14.40 65.20
14.40 65.20
14.40 65.20
14.40 65.20
14.40 65.10
14.40 65.10
14.40 65.10
14.40 65.10
14.40 65.20
14.40 65.10
14.40 65.00
14.40 65.10
14.40 65.10
14.40 65.00
14.40 65.00
14.40 65.00
14.40 64.90
14.40 65.00
14.40 64.90
14.40 64.90
14.40 64.90
14.40 64.90
14.40 64.80
14.40 64.90
14.40 64.80
14.40 64.80
14.40 64.70
14.40 64.60
14.40 64.80
14.40 64.70
14.40 64.70
14.40 64.70
14.40 64.70
14.40 64.70
14.40 64.70
14.40 64.60
14.40 64.60
14.40 64.60
14.40 64.60
14.40 64.60
14.40 64.60
14.40 64.60
14.40 64.60
14.40 64.60
14.40 64.50
14.40 64.50
14.40 64.50
14.40 64.50
14.40 64.50
14.40 64.50
14.40 64.50
14.40 64.40
14.40 64.50
14.40 64.40
14.40 64.40
14.40 64.40
14.40 64.40
14.40 64.40
14.40 64.40
14.40 64.40
14.40 64.40
14.40 64.30
14.40 64.30
14.30 64.40
14.40 64.30
14.40 64.30
14.40 64.30
14.40 64.30
14.40 64.30
14.40 64.20
14.30 64.20
14.40 64.20
14.40 64.20
14.40 64.20
14.40 64.20
14.40 64.20
14.30 64.20
14.30 64.20
14.30 64.20
14.40 64.10
14.40 64.20
14.30 64.10
14.30 64.10
14.30 64.10
14.30 64.10
14.30 64.20
14.30 64.00
14.30 64.10
14.30 64.10
14.30 64.00
14.30 64.00
14.30 64.10
14.30 64.10
14.30 64.00
14.30 64.00
14.30 64.10
14.30 63.90
14.30 63.90
14.30 63.80
14.30 63.90
14.20 64.00
14.30 64.00
14.30 64.00
14.30 63.90
14.30 63.90
14.20 63.90
14.30 63.90
14.30 63.90
14.30 63.90
14.30 63.90
14.20 63.90
14.30 63.90
14.30 63.90
14.30 63.90
14.20 63.80
14.30 63.80
14.30 63.80
14.20 63.80
14.20 63.80
14.30 63.80
14.20 63.80
14.20 63.90
14.20 63.80
14.20 63.80
14.20 63.80
14.20 63.80
14.20 63.80
14.20 63.70
14.20 63.70
14.20 63.70
14.20 63.70
14.20 63.70
14.20 63.60
14.20 63.60
14.20 63.60
14.30 63.60
14.20 63.60
14.20 63.60
14.20 63.50
14.20 63.60
14.20 63.50
14.20 63.50
14.20 63.50
14.20 63.50
14.20 63.60
14.20 63.40
14.20 63.40
14.20 63.40
14.20 63.40
14.20 63.30
14.20 63.30
14.20 63.40
14.20 63.40
14.20 63.30
14.20 63.30
14.20 63.30
14.20 63.30
14.20 63.30
14.20 63.30
14.20 63.30
14.20 63.30
14.20 63.30
14.20 63.30
14.20 63.20
14.20 63.30
14.20 63.30
14.20 63.20
14.20 63.20
14.20 63.30
14.20 63.10
14.20 63.20
14.20 63.10
14.20 63.20
14.20 63.10
14.20 63.20
14.20 63.20
14.20 63.10
14.20 63.30
14.20 63.10
14.20 63.10
14.20 63.10
14.20 63.10
14.20 63.10
14.20 63.20
14.20 63.10
14.20 63.00
14.20 63.00
14.20 63.10
14.20 62.90
14.20 63.00
14.20 63.00
14.20 63.00
14.20 63.00
14.20 63.00
14.20 63.00
14.20 62.90
14.20 62.90
14.20 62.90
14.20 63.00
14.20 63.00
14.20 63.00
14.20 62.90
14.20 62.90
14.30 62.90
14.30 62.80
14.30 62.70
14.30 62.60
14.30 62.60
14.30 62.50
14.30 62.60
14.30 62.50
14.30 62.50
14.30 62.50
14.30 62.50
14.30 62.50
14.30 62.60
14.30 62.50
14.30 62.50
14.30 62.50
14.30 62.50
14.30 62.50
14.30 62.50
14.40 62.50
14.40 62.40
14.40 62.50
14.40 62.40
14.40 62.40
14.40 62.40
14.40 62.40
14.40 62.40
14.40 62.40
14.40 62.40
14.40 62.30
14.40 62.40
14.30 60.40
14.10 62.30
14.20 62.70
14.30 62.40
14.40 62.10
14.60 61.80
14.70 61.60
14.80 61.40
14.80 61.30
14.90 61.20
14.90 61.10
15.00 61.10
15.00 61.00
15.10 61.00
15.10 61.00
15.10 60.90
15.20 60.90
15.20 61.00
15.20 60.90
15.20 61.00
15.20 60.90
15.20 61.00
15.20 61.00
15.20 61.00
15.20 61.00
15.20 61.00
15.20 61.10
15.20 61.10
15.20 61.10
15.20 61.20
15.30 61.20
15.30 61.20
15.30 61.20
15.30 61.20
15.30 61.30
15.30 61.20
15.30 61.30
15.30 61.30
15.30 61.30
15.30 61.30
15.30 61.40
15.30 61.40
15.30 61.40
15.30 61.40
15.30 61.40
15.30 61.50
15.30 61.50
15.30 61.50
15.30 61.50
15.30 61.60
15.30 61.60
15.30 61.60
15.30 61.60
15.40 61.60
15.40 61.60
15.40 61.60
15.40 61.60
15.40 61.60
15.40 61.60
15.50 61.60
15.50 61.60
15.50 61.60
15.50 61.60
15.50 61.60
15.50 61.70
15.60 61.60
15.60 61.60
15.60 61.60
15.70 61.60
15.70 61.60
15.70 61.50
15.70 61.50
15.70 61.50
15.70 61.50
15.80 61.50
15.80 61.50
15.80 61.50
15.80 61.50
15.90 61.50
15.90 61.40
15.90 61.40
15.90 61.40
15.90 61.50
15.90 61.50
15.90 61.50
16.00 61.50
16.00 61.50
16.00 61.50
16.00 61.40
16.00 61.50
16.00 61.50
16.00 61.50
16.10 61.50
16.10 61.50
16.10 61.50
16.10 61.50
16.10 61.60
16.10 61.60
16.10 61.60
16.20 61.60
16.10 61.60
16.20 61.60
16.20 61.60
16.20 61.60
16.20 61.60
16.20 61.60
16.20 61.50
16.20 61.60
16.20 61.60
16.20 61.60
16.20 61.70
16.20 61.70
16.30 61.70
16.30 61.70
16.30 61.70
16.30 61.70
16.40 61.70
16.40 61.70
16.40 61.60
16.40 61.60
16.40 61.70
16.40 61.70
16.40 61.80
16.40 61.80
16.40 61.80
16.40 61.80
16.50 61.80
16.50 61.80
16.50 61.80
16.60 61.70
16.60 61.70
16.60 61.70
16.60 61.70
16.70 61.70
16.70 61.60
16.70 61.60
16.70 61.60
16.80 61.60
16.80 61.50
16.90 61.50
16.80 61.50
16.90 61.50
16.90 61.50
16.90 61.50
16.90 61.50
16.90 61.50
16.90 61.50
16.90 61.40
17.00 61.50
16.90 61.50
17.00 61.40
17.00 61.40
16.90 61.50
16.90 61.50
17.00 61.50
16.90 61.50
17.00 61.60
17.00 61.60
17.00 61.60
16.90 61.60
16.90 61.70
16.90 61.70
16.80 61.80
16.70 62.40
16.80 62.30
16.80 62.40
16.90 62.50
17.00 62.50
17.00 62.70
17.20 62.70
17.20 62.60
17.20 62.60
17.20 62.60
17.20 62.70
17.30 62.70
17.30 62.80
17.30 62.80
17.40 62.90
17.30 62.90
17.40 62.70
17.40 62.50
17.30 62.40
17.30 62.30
17.30 62.30
17.30 62.30
17.20 62.40
17.20 62.40
17.20 62.40
17.20 62.50
17.20 62.60
17.20 62.60
17.20 62.60
17.20 62.50
17.20 62.80
17.20 62.60
17.20 62.60
17.20 62.60
17.20 62.60
17.20 62.60
17.20 62.60
17.30 62.60
17.30 62.50
17.30 62.50
17.40 62.40
17.40 63.60
17.40 63.90
17.50 64.40
17.70 64.40
17.70 64.40
17.80 64.40
17.80 64.40
17.80 64.50
17.80 64.50
17.80 64.50
17.90 64.70
17.80 64.80
17.90 64.90
17.90 65.00
17.90 65.10
17.90 65.10
17.90 65.20
17.90 65.20
17.90 65.40
17.90 65.50
17.90 65.50
18.00 65.50
18.00 65.60
18.00 65.70
18.00 65.70
18.00 65.80
18.00 65.80
18.00 66.00
18.00 66.00
18.00 66.00
18.00 66.10
18.00 66.20
18.10 66.30
18.10 66.20
18.10 66.30
18.00 66.20
18.00 66.20
18.10 66.30
18.10 66.30
18.00 66.40
18.10 66.40
18.00 66.50
18.00 66.50
18.00 66.60
18.10 66.60
18.10 66.60
18.10 66.60
18.10 66.70
18.10 66.70
18.10 66.80
18.10 66.80
18.10 66.70
18.10 66.80
18.10 66.90
18.10 67.00
18.10 67.00
18.10 67.10
18.10 67.10
18.00 67.10
18.10 67.10
18.10 67.10
18.10 67.20
18.10 67.30
18.10 67.20
18.10 67.30
18.10 67.40
18.10 67.50
18.00 67.50
18.00 67.50
18.00 67.50
18.00 67.50
18.00 67.60
18.00 67.50
18.00 67.60
18.00 67.60
18.00 67.60
18.00 67.60
18.00 67.60
18.00 67.60
18.10 67.60
18.10 67.50
18.10 67.60
18.20 68.00
18.10 67.90
18.10 67.80
18.20 67.70
18.20 67.70
18.20 67.60
18.20 67.50
18.20 67.40
18.20 67.50
18.20 67.50
18.20 67.50
18.20 67.60
18.20 67.60
18.20 67.60
18.20 67.60
18.30 67.60
18.30 67.60
18.30 67.70
18.30 67.70
18.30 67.80
18.30 67.90
18.30 67.90
18.30 68.00
18.30 68.00
18.30 68.00
18.30 68.00
18.30 68.20
18.30 68.20
18.30 68.20
18.30 68.20
18.30 68.40
18.30 68.40
18.30 68.50
18.30 68.50
18.30 68.60
18.30 68.70
18.30 69.00
18.30 68.90
18.30 69.40
18.30 69.20
18.40 69.00
18.30 69.00
18.30 69.00
18.30 69.00
18.30 69.00
18.30 69.00
18.30 69.00
18.30 69.00
18.30 69.10
18.30 69.00
18.30 69.10
18.30 69.10
18.30 69.10
18.20 69.20
18.20 69.70
18.20 69.80
18.20 69.70
18.20 69.80
18.20 69.80
18.20 69.70
18.30 69.70
18.30 69.60
18.20 69.60
18.20 69.60
18.20 69.70
18.20 69.70
18.20 69.60
18.20 69.70
18.20 69.60
18.20 69.80
18.20 69.70
18.20 69.80
18.20 69.80
18.20 69.90
18.20 70.00
18.20 70.10
18.10 70.20
18.10 70.20
18.10 70.20
18.10 70.20
18.10 70.30
18.10 70.30
18.10 70.30
18.10 70.30
18.10 70.30
18.00 70.50
18.00 70.60
18.00 70.40
18.10 70.70
18.00 71.10
18.00 71.10
18.00 71.00
18.00 71.00
18.10 71.00
18.10 70.80
18.10 70.90
18.10 70.80
18.10 70.80
18.10 70.80
18.00 70.80
18.10 70.80
18.00 70.90
18.00 71.00
18.00 70.90
18.00 71.00
18.00 71.00
18.00 71.10
18.00 71.10
18.00 71.20
17.90 71.20
17.90 71.20
17.90 71.30
17.90 71.50
17.90 71.40
17.90 71.40
17.90 71.60
17.90 71.50
17.90 71.60
17.90 71.60
17.90 71.70
17.90 71.70
17.80 71.70
17.90 71.70
17.90 71.90
17.80 71.90
17.80 71.80
17.80 71.80
17.80 72.00
17.80 72.00
17.80 72.10
17.80 72.10
17.80 71.90
17.80 72.10
17.80 72.10
17.80 72.10
17.80 72.00
17.70 72.10
17.70 72.20
17.70 72.00
17.70 72.20
17.70 72.10
17.70 72.20
17.70 72.20
17.70 72.20
17.70 72.30
17.70 72.10
17.70 72.00
17.70 72.10
17.70 72.10
17.70 71.90
17.70 72.00
17.60 71.90
17.70 72.00
17.60 72.10
17.60 72.20
17.60 72.00
17.60 72.10
17.60 72.00
17.60 72.10
17.60 72.20
17.60 72.10
17.60 72.10
17.50 72.10
17.50 72.30
17.50 72.40
17.40 72.40
17.50 72.50
17.40 72.50
17.30 72.60
17.30 72.80
17.30 72.70
17.30 72.80
17.30 72.70
17.20 72.80
17.20 72.90
17.20 72.80
17.20 72.90
17.20 72.90
17.20 73.00
17.20 73.10
17.20 73.00
17.20 73.10
17.20 73.10
17.10 73.10
17.10 73.30
17.10 73.20
17.10 73.30
17.10 73.20
17.10 73.40
17.10 73.40
17.00 73.50
17.00 73.50
17.10 73.50
17.00 73.50
17.00 73.70
17.00 73.70
17.00 73.90
17.00 73.90
17.00 74.00
17.00 73.90
17.00 74.00
17.00 74.10
16.90 74.10
16.90 74.20
16.90 74.40
16.90 74.40
16.90 74.60
16.90 74.80
16.90 74.40
16.90 75.00
16.90 75.00
16.90 74.60
16.90 75.20
16.90 75.40
16.90 75.60
16.90 75.50
16.90 75.30
16.90 75.40
16.90 75.20
16.90 75.20
16.90 75.20
16.90 75.10
16.90 75.10
16.80 75.00
16.90 75.10
16.90 75.10
16.80 75.20
16.80 75.10
16.80 75.20
16.80 75.10
16.80 75.20
16.80 75.10
16.80 75.10
16.80 75.10
16.80 75.10
16.80 75.10
16.80 75.00
16.80 74.90
16.80 74.90
16.80 74.90
16.80 74.80
16.70 75.10
16.70 75.00
16.70 75.00
16.70 75.10
16.70 75.10
16.60 75.00
16.60 75.00
16.60 74.90
16.60 75.00
16.60 75.20
16.60 75.20
16.60 75.10
16.60 75.10
16.60 75.10
16.60 75.10
16.50 75.00
16.60 75.10
16.60 75.00
16.50 75.00
16.60 74.90
16.50 74.90
16.50 74.80
16.50 74.80
16.50 74.90
16.50 74.80
16.50 74.90
16.50 74.90
16.50 74.90
16.50 74.80
16.50 75.00
16.50 74.90
16.50 75.00
16.50 75.00
16.50 75.10
16.50 75.10
16.50 75.10
16.50 75.10
16.40 75.20
16.40 75.40
16.40 75.20
16.50 75.30
16.40 75.50
16.40 75.50
16.40 75.50
16.40 75.60
16.40 75.50
16.40 75.50
16.40 75.60
16.40 75.60
16.40 75.60
16.30 75.70
16.40 75.70
16.40 75.40
16.30 75.40
16.30 75.40
16.30 75.40
16.30 75.30
16.40 75.30
16.30 75.30
16.30 75.20
16.30 75.20
16.30 75.30
16.30 75.60
16.30 75.60
16.30 75.50
16.30 75.60
16.30 75.60
16.30 75.60
16.30 75.60
16.30 75.50
16.20 75.60
16.20 75.50
16.20 75.50
16.20 75.40
16.20 75.40
16.20 75.50
16.20 75.40
16.20 75.40
16.20 75.60
16.20 75.50
16.20 75.50
16.20 75.50
16.20 75.50
16.20 75.50
16.20 75.40
16.20 75.50
16.20 75.50
16.10 75.50
16.20 75.60
16.20 75.70
16.20 75.60
16.20 75.60
16.10 75.50
16.20 75.50
16.10 75.60
16.20 75.60
16.20 75.60
16.20 75.60
16.20 75.70
16.20 75.70
16.20 75.50
16.20 75.40
16.30 75.30
16.20 75.20
16.30 75.20
16.30 75.10
16.30 75.10
16.30 75.10
16.30 75.30
16.40 75.10
16.40 75.00
16.40 75.00
16.40 75.00
16.40 74.90
16.40 74.90
16.40 74.90
16.40 74.90
16.40 74.90
16.40 74.70
16.40 74.70
16.40 74.60
16.50 74.60
16.50 74.60
16.50 74.60
16.40 74.60
16.40 74.50
16.40 74.50
16.40 74.50
16.50 74.50
16.50 74.50
16.50 74.60
16.50 74.50
16.50 74.40
16.50 74.30
16.50 74.30
16.50 74.30
16.50 74.30
16.60 74.30
16.50 74.10
16.60 74.10
16.50 74.10
16.60 74.10
16.50 74.10
16.50 74.10
16.50 74.10
16.50 74.10
16.50 74.30
16.50 74.30
16.50 74.30
16.50 74.40
16.50 74.30
16.50 74.30
16.50 74.30
16.50 74.20
16.50 74.30
16.50 74.20
16.60 74.20
16.50 74.20
16.50 74.10
16.60 74.10
16.60 74.10
16.60 74.00
16.60 74.00
16.60 74.00
16.60 74.00
16.60 74.00
16.60 74.00
16.60 73.90
16.60 73.90
16.70 73.90
16.60 73.90
16.70 73.90
16.70 73.90
16.70 73.90
16.70 73.80
16.70 73.80
16.70 73.80
16.80 73.80
16.80 73.80
16.70 73.80
16.80 73.80
16.80 73.80
16.80 73.80
16.80 73.80
16.90 73.60
16.80 73.70
16.90 73.70
16.90 73.60
16.90 73.60
16.90 73.60
16.90 73.60
16.90 73.60
16.90 73.60
16.90 73.60
16.90 73.60
16.90 73.60
16.90 73.60
16.90 73.60
16.90 73.60
16.90 73.60
16.90 73.60
16.90 73.80
16.90 73.60
16.90 73.50
16.90 73.50
16.90 73.50
16.90 73.50
16.90 73.60
16.90 73.70
16.90 73.70
16.90 73.60
16.90 73.50
16.90 73.50
16.90 73.50
16.90 73.40
16.90 73.40
16.90 73.40
16.90 73.40
16.90 73.40
16.90 73.50
16.90 73.40
16.90 73.50
16.90 73.70
16.90 73.60
16.90 73.60
16.90 73.50
16.90 73.50
16.90 73.50
16.90 73.50
16.90 73.50
17.00 73.40
17.00 73.40
16.90 73.30
16.90 73.40
16.90 73.30
16.90 73.30
17.00 73.30
17.00 73.30
17.00 73.30
17.00 73.30
17.00 73.20
17.00 73.20
17.00 73.20
17.00 73.20
17.10 73.20
17.10 73.10
17.00 73.20
17.00 73.20
17.10 73.20
17.10 73.20
17.10 73.10
17.10 73.10
17.10 73.20
17.00 73.20
17.10 73.20
17.10 73.50
17.10 73.50
17.10 73.30
17.10 73.20
17.10 73.20
17.10 73.20
17.10 73.20
17.10 73.20
17.10 73.20
17.10 73.20
17.10 73.30
17.10 73.30
17.10 73.30
17.10 73.30
17.00 73.30
17.10 73.30
17.00 73.30
17.00 73.40
17.00 73.40
17.10 73.30
17.00 73.30
17.00 73.30
17.00 73.30
17.00 73.40
17.00 73.40
17.00 73.40
17.00 73.40
17.00 73.40
17.00 73.40
16.90 73.40
17.00 73.40
17.00 73.50
17.00 73.50
17.00 73.50
17.00 73.40
17.00 73.40
17.00 73.50
17.00 73.40
17.10 73.30
17.10 73.00
17.00 73.20
16.90 72.90
16.70 72.30
16.60 71.60
16.50 71.30
16.30 71.60
16.30 72.00
16.30 72.70
16.20 72.60
16.30 72.60
16.20 72.10
16.30 72.00
16.40 71.90
16.50 71.60
16.60 71.50
16.70 71.50
16.70 71.30
16.70 71.20
16.80 71.20
16.80 71.20
16.80 71.20
16.80 71.20
16.80 71.20
16.80 71.30
16.80 71.30
16.80 71.40
16.70 71.50
16.70 71.50
16.70 71.60
16.70 71.70
16.70 71.90
16.60 69.50
16.40 71.60
16.40 71.20
16.40 71.00
16.30 70.90
16.30 70.70
16.40 70.90
16.40 70.90
16.40 70.90
16.40 70.90
16.40 71.00
16.40 71.00
16.40 71.00
16.40 71.00
16.50 71.10
16.50 71.10
16.40 71.20
16.40 71.20
16.40 71.20
16.40 71.30
16.40 71.40
16.40 71.40
16.40 71.40
16.40 71.50
16.40 71.60
16.40 71.60
16.30 71.60
16.30 71.70
16.30 71.70
16.30 71.70
16.30 71.80
16.30 71.80
16.30 71.80
16.30 71.80
16.30 71.90
16.30 71.90
16.30 71.90
16.30 72.00
16.20 72.00
16.30 72.00
16.30 72.00
16.30 72.00
16.30 72.00
16.20 72.00
16.30 72.00
16.30 72.00
16.20 72.00
16.30 72.00
16.30 72.00
16.30 72.00
16.20 72.00
16.20 72.00
16.30 72.10
16.20 72.20
16.30 72.20
16.20 72.20
16.20 72.20
16.20 72.20
16.20 72.00
16.10 71.90
16.00 71.90
15.90 70.70
15.60 70.40
15.60 71.50
15.60 71.50
15.60 71.70
15.60 71.70
15.60 71.00
15.60 71.00
15.60 70.60
15.60 70.50
15.60 70.20
15.50 69.90
15.50 70.20
15.50 70.20
15.50 70.10
15.50 70.10
15.50 70.00
15.40 69.90
15.40 69.90
15.40 69.90
15.40 69.90
15.40 69.90
15.40 69.90
15.40 69.90
15.40 69.80
15.40 69.90
15.40 69.80
15.40 69.80
15.40 69.80
15.40 69.90
15.40 69.80
15.40 69.80
15.40 69.90
15.40 69.80
15.30 69.80
15.30 69.80
15.30 69.90
15.30 69.80
15.30 69.80
15.30 69.80
15.30 69.80
15.30 69.80
15.30 69.80
15.30 69.80
15.20 69.80
15.30 69.70
15.20 69.70
15.20 69.80
15.20 69.70
15.20 69.70
15.20 69.70
15.20 69.70
15.20 69.70
15.20 69.70
15.20 69.60
15.20 69.60
15.20 69.60
15.20 69.60
15.20 69.50
15.30 69.40
15.30 69.40
15.30 69.40
15.30 69.30
15.30 69.30
15.20 69.30
15.20 69.30
15.20 69.30
15.20 69.30
15.20 69.30
15.20 69.20
15.20 69.20
15.20 69.20
15.20 69.00
15.20 69.00
15.20 69.00
15.20 68.90
15.20 69.00
15.20 69.00
15.20 69.00
15.20 68.90
15.20 69.00
15.10 68.90
15.20 68.80
15.10 68.80
15.20 68.80
15.10 68.80
15.10 68.80
15.10 68.70
15.10 68.70
15.10 68.80
15.10 68.70
15.20 68.70
15.10 68.70
15.10 68.70
15.10 68.70
15.10 68.70
15.10 68.60
15.10 68.60
15.10 68.50
15.10 68.50
15.10 68.50
15.10 68.60
15.10 68.60
15.10 68.50
15.10 68.60
15.10 68.60
15.10 68.50
15.10 68.30
15.20 68.30
15.20 68.20
15.20 68.20
15.30 68.00
15.30 67.90
15.40 67.80
15.40 67.70
15.40 67.70
15.40 67.60
15.40 67.60
15.40 67.60
15.50 67.60
15.50 67.90
15.50 68.00
15.50 68.20
15.40 68.30
15.40 68.40
15.40 68.50
15.30 68.50
15.30 68.00
15.20 68.30
15.20 68.30
15.20 68.30
15.20 68.30
15.20 68.00
15.20 67.90
15.20 67.70
15.20 67.50
15.20 67.20
15.10 67.20
15.20 66.90
15.10 66.60
15.10 66.50
15.10 66.40
15.10 66.00
15.10 65.80
15.10 65.50
15.00 65.20
15.00 65.20
15.00 65.00
15.00 64.70
15.00 64.60
15.00 64.30
15.00 64.20
15.00 63.90
15.00 63.80
14.90 63.60
14.90 63.60
14.90 63.40
14.90 63.10
14.90 62.90
14.90 62.90
14.90 62.50
14.90 62.40
14.90 62.40
14.90 62.30
14.90 62.10
14.90 61.90
14.90 61.80
14.80 59.80
14.80 60.40
14.80 60.00
14.70 61.00
14.70 60.90
14.70 60.80
14.80 60.80
14.80 60.80
14.80 60.80
14.80 60.70
14.80 60.60
14.80 60.70
14.80 60.50
14.80 60.60
14.80 60.50
14.80 60.50
14.80 60.50
14.70 60.50
14.70 60.40
14.70 60.50
14.70 60.10
14.70 60.30
14.70 60.30
14.70 60.20
14.70 60.20
14.70 60.10
14.70 60.10
14.70 59.90
14.80 59.90
14.80 59.90
14.80 60.00
14.80 60.00
14.90 60.00
14.90 60.00
14.90 60.10
14.90 60.20
14.90 60.20
14.90 60.30
14.80 60.30
14.80 60.40
14.80 60.40
14.80 60.50
14.80 60.50
14.80 60.60
14.80 60.60
14.80 60.60
14.80 60.50
14.80 60.50
14.80 60.50
14.80 60.50
14.80 60.40
14.80 60.30
14.80 60.30
14.70 60.20
14.70 60.30
14.80 60.20
14.70 60.20
14.70 60.20
14.70 60.30
14.70 60.40
14.80 60.40
14.70 60.50
14.70 60.60
14.80 60.80
14.70 60.90
14.80 60.90
14.70 60.90
14.80 61.00
14.80 61.00
14.80 61.10
14.80 61.10
14.80 61.20
14.80 61.20
14.80 61.30
14.80 61.40
14.80 61.40
14.80 61.50
14.80 61.50
14.70 61.60
14.70 61.60
14.80 61.70
14.70 61.80
14.70 61.80
14.70 61.80
14.70 61.80
14.70 61.90
14.70 62.00
14.70 62.00
14.70 62.00
14.70 62.10
14.70 62.10
14.70 62.10
14.70 62.10
14.70 62.00
14.70 62.00
14.70 62.00
14.60 62.00
14.70 62.00
14.60 62.00
14.70 62.10
14.60 62.30
14.70 62.20
14.70 62.20
14.70 62.20
14.70 62.30
14.70 62.30
14.70 62.40
14.70 62.50
14.70 62.60
14.70 62.70
14.70 62.80
14.70 62.80
14.70 62.80
14.60 62.70
14.60 62.70
14.60 62.80
14.60 62.70
14.60 62.70
14.70 62.70
14.60 62.60
14.70 62.70
14.70 62.70
14.70 62.80
14.70 62.90
14.60 62.90
14.70 63.00
14.70 63.00
14.70 63.00
14.70 63.00
14.70 63.10
14.60 63.10
14.70 63.20
14.70 63.20
14.70 63.20
14.70 63.30
14.70 63.30
14.70 63.40
14.70 63.40
14.70 63.40
14.70 63.40
14.70 63.50
14.70 63.60
14.70 63.60
14.70 63.70
14.60 63.70
14.70 63.70
14.60 63.70
14.70 63.80
14.60 63.80
14.60 63.90
14.60 63.90
14.60 63.90
14.60 63.90
14.60 63.90
14.60 64.00
14.60 64.10
14.60 64.10
14.60 64.20
14.60 64.10
14.60 64.20
14.60 64.20
14.60 64.20
14.60 64.20
14.60 64.20
14.60 64.30
14.60 64.30
14.60 64.30
14.60 64.30
14.60 64.30
14.60 64.30
14.60 64.30
14.60 64.30
14.60 64.40
14.60 64.40
14.60 64.40
14.60 64.40
14.60 64.40
14.60 64.40
14.60 64.40
14.60 64.40
14.60 64.40
14.60 64.40
14.60 64.40
14.60 64.50
14.60 64.50
14.60 64.50
14.60 64.50
14.60 64.50
14.60 64.60
14.60 64.60
14.60 64.60
14.60 64.60
14.60 64.60
14.60 64.60
14.60 64.60
14.60 64.60
14.60 64.60
14.60 64.60
14.60 64.60
14.60 64.60
14.60 64.70
14.60 64.70
14.60 64.70
14.60 64.70
14.50 64.70
14.60 64.70
14.60 64.70
14.60 64.70
14.60 64.70
14.60 64.70
14.60 64.80
14.60 64.80
14.60 64.80
14.60 64.80
14.60 64.80
14.60 64.70
14.60 64.80
14.60 64.80
14.60 64.80
14.50 64.80
14.60 64.80
14.60 64.90
14.60 64.90
14.50 64.90
14.60 64.90
14.50 64.90
14.50 64.90
14.50 64.90
14.50 64.90
14.50 64.90
14.50 64.90
14.50 65.00
14.50 65.00
14.50 65.00
14.50 65.00
14.50 65.00
14.50 65.00
14.50 65.00
14.50 65.00
14.50 65.00
14.50 64.80
14.40 64.50
14.40 64.60
14.40 64.50
14.40 64.40
14.40 64.30
14.50 64.20
14.50 64.30
14.50 64.40
14.40 64.40
14.50 64.40
14.50 64.50
14.50 64.50
14.50 64.60
14.50 64.60
14.50 64.80
14.50 64.80
14.50 64.90
14.50 64.90
14.50 65.00
14.50 65.00
14.50 65.10
14.50 65.10
14.50 65.10
14.50 65.20
14.50 65.20
14.50 65.30
14.50 65.30
14.50 65.40
14.50 65.40
14.50 65.40
14.50 65.40
14.50 65.40
14.50 65.50
14.50 65.40
14.50 65.50
14.50 65.50
14.50 65.50
14.50 65.50
14.50 65.50
14.50 65.40
14.50 65.40
14.50 65.40
14.50 65.40
14.50 65.40
14.50 65.40
14.40 65.30
14.50 65.40
14.50 65.40
14.50 65.40
14.40 65.40
14.40 65.40
14.40 65.40
14.40 65.40
14.50 65.40
14.50 65.30
14.50 65.30
14.50 65.30
14.50 65.20
14.50 65.20
14.50 65.20
14.50 65.20
14.50 65.20
14.50 65.20
14.50 65.10
14.50 65.00
14.40 64.90
14.40 64.60
14.40 64.60
14.30 64.40
14.30 64.30
14.30 64.20
14.40 64.10
14.40 64.00
14.40 64.10
14.40 64.10
14.40 64.00
14.40 64.00
14.40 64.10
14.40 64.10
14.40 64.10
14.40 64.10
14.40 64.20
14.40 64.10
14.50 64.10
14.50 64.10
14.50 64.10
14.50 64.10
14.50 64.10
14.50 64.10
14.60 64.10
14.50 64.10
14.50 64.10
14.60 64.10
14.60 64.10
14.60 64.10
14.60 64.00
14.60 64.10
14.60 64.10
14.60 64.10
14.60 64.00
14.60 64.10
14.60 64.10
14.70 64.00
14.70 64.00
14.70 63.90
14.70 63.90
14.70 63.90
14.70 64.00
14.70 63.90
14.70 63.90
14.70 64.30
14.70 64.00
14.70 64.00
14.70 64.00
14.70 63.80
14.70 63.80
14.70 63.90
14.70 63.80
14.70 64.00
14.70 63.90
14.70 64.00
14.70 64.10
14.70 64.10
14.70 64.30
14.80 64.40
14.80 64.30
14.80 64.20
14.80 64.20
14.80 64.30
14.80 64.30
14.80 64.30
14.80 64.40
14.80 64.80
14.80 64.70
14.80 64.40
14.90 64.50
14.90 64.50
14.90 64.40
14.90 64.30
14.90 64.30
14.90 64.40
14.90 64.40
14.90 64.30
15.00 64.20
15.00 64.20
15.00 64.10
15.00 63.80
15.00 63.90
15.00 63.80
15.00 63.90
15.00 63.80
15.00 63.70
15.00 63.80
15.00 63.70
15.00 63.60
15.00 63.50
15.00 63.60
15.00 63.60
15.10 63.40
15.20 63.10
15.20 62.90
15.40 62.60
15.50 62.30
15.60 62.20
15.60 62.00
15.70 62.00
15.70 61.90
15.70 61.80
15.70 61.80
15.70 61.80
15.80 61.90
15.80 61.80
15.80 61.80
15.80 61.80
15.90 61.80
15.90 61.80
15.80 61.90
15.80 61.90
15.80 62.00
15.80 62.00
15.80 62.00
15.80 62.00
15.80 62.10
15.80 62.10
15.80 62.10
15.90 62.10
15.80 62.10
15.80 62.20
15.80 62.20
15.80 62.30
15.80 62.30
15.80 62.30
15.80 62.30
15.80 62.40
15.80 62.40
15.80 62.40
15.80 62.40
15.80 62.40
15.80 62.40
15.80 62.50
15.80 62.50
15.80 62.50
15.80 62.50
15.80 62.50
15.80 62.60
15.80 62.60
15.80 62.70
15.80 62.70
15.80 62.70
15.80 62.70
15.80 62.70
15.80 62.80
15.80 62.80
15.70 62.90
15.80 62.90
15.80 62.90
15.80 62.90
15.80 63.00
15.80 63.00
15.80 63.00
15.80 63.00
15.80 63.00
15.80 63.10
15.80 63.10
15.70 63.10
15.80 63.10
15.80 63.10
15.80 63.20
15.80 63.20
15.80 63.20
15.80 63.20
15.80 63.20
15.90 63.20
15.90 63.20
15.90 63.10
15.90 63.10
16.00 63.10
15.90 63.10
16.00 63.10
16.00 63.10
16.00 63.10
16.00 63.10
16.00 63.10
16.10 63.10
16.00 63.10
16.10 63.10
16.10 63.10
16.10 63.10
16.20 63.10
16.20 63.10
16.20 63.10
16.20 63.10
16.20 63.10
16.20 63.00
16.20 63.10
16.20 63.10
16.20 63.00
16.20 62.90
16.30 62.80
16.40 62.70
16.40 62.60
16.50 62.50
16.60 62.40
16.60 62.40
16.60 62.40
16.60 62.40
16.70 62.30
16.70 62.20
16.80 62.20
16.80 62.10
16.80 62.10
16.90 62.10
16.90 62.00
16.90 62.00
16.90 62.00
17.00 62.00
16.90 62.00
17.00 62.00
17.00 62.00
17.10 62.00
17.10 61.90
17.10 61.90
17.10 61.90
17.10 61.90
17.10 62.00
17.10 61.90
17.20 61.90
17.10 61.90
17.10 62.00
17.10 62.00
17.10 62.00
17.10 62.00
17.10 62.00
17.20 62.00
17.20 62.00
17.20 62.00
17.20 62.00
17.20 62.00
17.20 61.90
17.20 61.90
17.30 61.90
17.30 61.90
17.30 61.80
17.40 61.80
17.40 61.80
17.40 61.80
17.40 61.80
17.40 61.80
17.40 61.80
17.40 61.90
17.40 61.90
17.40 61.90
17.40 62.00
17.50 61.90
17.50 61.90
17.50 61.90
17.50 61.90
17.50 61.90
17.50 61.90
17.50 61.90
17.50 61.90
17.50 61.90
17.60 61.90
17.60 61.90
17.60 61.90
17.60 61.90
17.60 61.90
17.60 61.90
17.60 61.90
17.60 61.80
17.70 61.80
17.70 61.80
17.70 61.80
17.70 61.80
17.70 61.80
17.70 61.80
17.70 61.80
17.70 61.80
17.70 61.80
17.70 61.90
17.70 61.80
17.70 61.80
17.70 61.80
17.70 61.90
17.70 61.90
17.70 61.90
17.60 62.00
17.70 62.00
17.70 62.00
17.70 62.00
17.70 62.00
17.70 62.00
17.70 62.00
17.70 62.00
17.70 62.10
17.60 62.10
17.70 62.10
17.70 62.10
17.60 62.10
17.60 62.10
17.60 62.10
17.60 62.20
17.60 62.20
17.60 62.20
17.60 62.20
17.70 62.20
17.70 62.20
17.70 62.20
17.70 62.10
17.70 62.10
17.70 62.00
17.80 62.00
17.80 61.90
17.80 61.90
17.80 61.90
17.90 61.90
17.90 61.80
17.80 61.80
17.90 61.80
17.90 61.80
17.90 61.80
17.90 61.80
17.90 61.80
17.90 61.80
17.90 61.80
17.90 61.80
17.90 61.80
17.90 61.80
17.90 61.80
18.00 61.80
18.00 61.70
18.00 61.70
18.00 61.70
18.00 61.70
18.00 61.70
18.00 61.70
18.00 61.70
18.00 61.70
18.00 61.70
18.00 61.70
18.00 61.70
18.00 61.60
18.10 61.70
18.00 61.70
18.10 61.70
18.00 61.70
18.10 61.60
18.10 62.40
18.10 62.90
18.10 62.50
18.20 62.40
18.20 62.30
18.20 62.30
18.30 62.40
18.30 62.50
18.40 62.40
18.40 62.40
18.40 62.40
18.50 62.40
18.40 62.30
18.50 62.30
18.50 62.30
18.50 62.30
18.50 62.30
18.60 62.30
18.60 62.30
18.60 62.20
18.60 62.30
18.60 62.30
18.60 62.30
18.60 62.40
18.60 62.40
18.60 62.40
18.70 62.40
18.70 62.40
18.70 62.40
18.70 62.40
18.70 62.40
18.70 62.40
18.70 62.40
18.70 62.40
18.80 62.40
18.70 62.40
18.80 62.50
18.80 62.40
18.80 62.50
18.80 62.50
18.70 62.50
18.80 62.50
18.80 62.50
18.80 62.60
18.80 62.60
18.80 62.50
18.80 62.60
18.90 62.60
18.90 62.60
18.90 62.60
18.90 62.60
19.00 62.50
18.90 62.50
18.90 62.60
19.00 62.60
18.90 62.60
18.90 62.60
18.90 62.60
19.00 62.70
19.00 62.60
19.00 62.60
19.00 62.60
19.00 62.60
19.00 62.60
19.00 62.60
19.00 62.70
19.10 62.70
19.10 62.70
19.00 62.70
19.10 62.70
19.00 62.70
19.00 62.70
19.00 62.70
19.10 62.80
19.10 62.70
19.10 62.80
19.10 62.80
19.10 62.80
19.10 62.80
19.10 62.80
19.20 63.10
19.20 63.20
19.30 63.10
19.20 63.00
19.20 62.80
19.10 62.70
19.10 62.70
19.10 63.00
19.10 62.80
19.10 62.80
19.00 62.80
19.00 62.90
19.00 62.90
19.00 62.90
19.00 63.00
19.00 63.00
19.00 63.00
19.00 63.00
19.00 63.00
19.00 63.00
19.00 63.00
19.00 63.00
19.00 63.00
19.00 63.00
19.00 63.00
19.00 63.00
19.00 63.10
19.00 63.10
19.00 63.10
19.00 63.00
19.00 63.10
19.00 63.10
19.00 63.10
19.00 63.10
19.10 63.00
19.10 63.00
19.10 63.00
19.10 63.00
19.10 63.10
19.10 63.10
19.10 63.10
19.00 63.10
19.10 63.20
19.00 63.20
19.00 63.20
19.00 63.20
19.00 63.20
19.10 63.20
19.10 63.20
19.00 63.20
19.10 63.20
19.10 63.20
19.10 63.20
19.10 63.20
19.10 63.20
19.10 63.20
19.10 63.20
19.10 63.20
19.10 63.30
19.10 63.40
19.10 63.30
19.10 63.30
19.10 63.40
19.10 63.50
19.10 63.70
19.10 63.40
19.10 63.40
19.10 63.40
19.10 63.40
19.10 63.40
19.10 63.40
19.10 63.40
19.10 63.50
19.00 63.50
19.10 63.50
19.00 63.50
19.10 63.50
19.10 63.60
19.00 63.60
19.10 63.60
19.10 63.60
19.10 63.60
19.10 63.60
19.10 63.60
19.10 63.60
19.10 63.60
19.10 63.60
19.10 63.60
19.10 63.60
19.10 63.70
19.10 63.70
19.10 63.70
19.10 63.80
19.10 63.70
19.10 63.70
19.10 63.90
19.10 63.90
19.10 63.80
19.20 63.80
19.20 63.70
19.20 63.70
19.20 63.70
19.20 63.80
19.10 63.80
19.20 63.80
19.20 63.90
19.20 63.90
19.20 63.90
19.20 64.00
19.20 64.00
19.20 64.00
19.20 63.90
19.10 63.90
19.10 64.00
19.20 64.00
19.20 64.00
19.20 64.00
19.20 64.00
19.20 64.00
19.20 64.00
19.20 64.00
19.20 64.10
19.20 64.10
19.20 64.00
19.20 64.10
19.20 64.30
19.20 64.40
19.20 64.40
19.20 64.30
19.10 64.30
19.10 64.30
19.20 64.20
19.20 64.20
19.20 64.30
19.20 64.20
19.20 64.20
19.20 64.20
19.10 64.30
19.10 64.30
19.20 64.30
19.10 64.30
19.10 64.40
19.10 64.40
19.10 64.40
19.10 64.60
19.10 64.50
19.10 64.60
19.10 64.50
19.20 64.60
19.10 64.60
19.10 64.60
19.20 64.60
19.20 64.60
19.10 64.70
19.20 64.70
19.20 64.70
19.10 64.70
19.10 64.80
19.10 64.80
19.10 64.90
19.20 65.10
19.10 65.00
19.10 65.20
19.10 65.20
19.10 65.20
19.10 65.20
19.10 65.20
19.10 65.30
19.10 65.30
19.10 65.30
19.10 65.30
19.10 65.30
19.10 65.30
19.10 65.30
19.10 65.30
19.10 65.30
19.10 65.30
19.10 65.30
19.10 65.30
19.10 65.30
19.10 65.30
19.20 65.30
19.10 65.30
19.10 65.40
19.10 65.40
19.20 65.60
19.20 65.50
19.20 65.50
19.20 65.40
19.10 65.50
19.20 65.50
19.10 65.40
19.10 65.60
19.10 65.50
19.10 65.60
19.10 65.70
19.10 65.60
19.10 65.60
19.10 65.60
19.10 65.60
19.10 65.60
19.10 65.60
19.10 65.70
19.10 65.70
19.10 65.60
19.10 65.70
19.10 65.70
19.10 65.70
19.10 65.80
19.10 65.70
19.00 65.70
19.10 65.70
19.10 65.60
19.10 65.70
19.00 65.70
19.10 65.60
19.10 65.60
19.10 65.60
19.10 65.50
19.10 65.60
19.10 65.60
19.10 65.70
19.10 65.70
19.10 65.70
19.10 65.80
19.10 66.10
19.10 65.90
19.10 66.00
19.10 65.90
19.10 65.80
19.10 65.80
19.10 65.70
19.20 65.80
19.10 65.70
19.10 65.70
19.20 65.70
19.20 65.60
19.10 65.80
19.10 65.80
19.10 65.90
19.10 65.80
19.10 65.90
19.10 66.10
19.10 66.00
19.10 66.00
19.10 66.00
19.10 65.30
18.70 62.20
18.60 65.40
18.60 65.70
18.60 65.60
18.70 65.30
18.70 64.90
18.80 64.80
18.90 64.70
18.80 64.60
18.90 64.60
18.90 64.60
18.90 64.50
18.90 64.60
18.90 64.60
18.90 64.60
18.90 64.60
18.90 64.60
19.00 64.60
19.00 64.70
19.00 64.70
19.00 64.60
19.00 64.50
19.10 64.50
19.00 64.60
19.10 64.50
19.10 64.60
19.10 64.60
19.00 64.60
19.10 64.60
19.10 64.60
19.10 64.70
19.00 64.70
19.00 64.70
19.00 64.70
19.10 64.70
19.00 64.70
19.10 64.70
19.10 64.80
19.10 64.90
19.00 64.90
19.00 65.20
19.00 65.10
19.00 64.90
19.00 65.30
19.00 65.30
19.00 65.20
19.00 65.20
19.00 65.30
19.00 65.30
19.00 65.30
19.00 65.40
19.00 65.40
19.00 65.20
19.00 65.30
19.00 65.20
19.00 65.20
19.00 65.20
19.00 65.20
19.00 65.30
19.00 65.40
19.00 65.40
19.00 65.50
19.00 65.60
19.00 65.60
19.00 65.90
19.00 65.70
19.00 65.60
18.90 65.50
18.90 65.50
19.00 65.50
18.90 65.50
18.90 65.50
18.90 65.50
18.90 65.50
18.90 65.50
18.90 65.50
18.90 65.50
18.90 65.80
18.90 65.50
18.90 65.50
18.90 65.50
18.90 65.70
18.80 65.70
18.90 65.80
18.90 65.60
18.90 65.60
18.90 65.50
18.90 65.50
18.80 65.50
18.80 65.50
18.90 65.50
18.80 65.50
18.80 65.50
18.80 65.50
18.80 65.60
18.80 65.60
18.80 65.60
18.80 65.50
18.80 65.60
18.80 65.60
18.80 65.60
18.80 65.60
18.80 65.60
18.80 65.60
18.80 65.60
18.80 65.60
18.90 65.60
18.80 65.70
18.80 65.80
18.90 65.80
18.80 65.70
18.90 65.70
18.90 65.80
18.80 65.70
18.90 66.00
18.90 65.80
18.90 65.70
18.90 65.70
18.90 65.60
18.90 65.70
18.90 65.60
18.90 65.60
18.90 65.50
18.90 65.50
18.90 65.60
18.90 65.60
18.90 65.60
18.90 65.60
18.80 65.60
18.90 65.60
18.90 65.70
18.90 65.60
18.90 65.60
18.90 65.50
18.90 65.50
18.90 65.50
18.90 65.50
18.90 65.40
18.90 65.40
18.90 65.50
18.90 65.50
18.90 65.50
18.90 65.40
18.90 65.50
18.90 65.50
18.80 65.50
18.80 65.40
18.80 65.50
18.90 65.60
18.80 65.60
18.90 65.60
18.90 65.60
18.90 65.60
18.90 65.60
18.80 65.60
18.80 65.60
18.80 65.70
18.80 65.70
18.80 65.70
18.80 65.70
18.80 65.80
18.80 65.80
18.80 65.80
18.80 65.80
18.80 65.80
18.80 65.70
18.80 65.70
18.80 65.70
18.80 65.80
18.80 65.80
18.80 65.60
18.80 65.60
18.80 65.60
18.80 65.50
18.80 65.50
18.80 65.50
18.80 65.50
18.80 65.60
18.80 65.60
18.80 65.60
18.80 65.80
18.80 65.70
18.80 65.60
18.80 65.50
18.80 65.50
18.80 65.50
18.80 65.50
18.80 65.50
18.70 62.80
18.30 61.30
18.10 61.00
17.80 60.90
17.70 63.10
17.70 64.30
17.90 64.10
17.90 63.70
18.00 63.40
18.20 63.20
18.20 63.10
18.20 62.80
18.10 63.10
18.20 63.30
18.20 63.10
18.30 63.00
18.40 62.90
18.40 62.90
18.40 62.80
18.40 62.80
18.50 62.80
18.50 62.90
18.50 62.90
18.50 63.00
18.50 63.00
18.50 63.10
18.50 63.10
18.50 63.20
18.40 63.20
18.40 63.30
18.40 63.40
18.40 63.50
18.40 63.60
18.40 63.70
18.40 63.70
18.30 63.80
18.30 63.90
18.30 63.90
18.30 64.00
18.30 64.10
18.20 64.20
18.20 64.30
18.20 64.30
18.20 64.40
18.20 64.50
18.20 64.50
18.20 64.60
18.10 64.60
18.10 64.70
18.10 64.70
18.10 64.80
18.00 64.80
18.00 64.90
18.00 65.00
18.00 65.00
17.90 65.10
17.90 65.10
17.90 65.20
17.90 65.20
17.90 65.20
17.90 65.30
17.90 65.30
17.80 65.30
17.80 65.30
17.80 65.30
17.80 65.30
17.80 65.40
17.80 65.40
17.80 65.40
17.80 65.40
17.80 65.40
17.80 65.50
17.80 65.50
17.80 65.50
17.70 65.30
17.50 64.70
17.40 64.30
17.30 63.90
17.20 63.50
17.10 63.80
17.00 63.80
16.90 63.70
16.90 63.60
16.90 63.50
16.90 63.50
16.80 63.30
16.90 63.30
16.80 63.40
16.90 63.40
16.80 63.50
16.70 63.50
16.70 63.50
16.70 63.40
16.60 63.50
16.60 63.30
16.60 63.30
16.50 63.30
16.50 63.50
16.50 63.50
16.50 63.50
16.50 63.50
16.50 63.40
16.40 63.50
16.40 63.40
16.40 63.40
16.40 63.40
16.40 63.10
16.40 63.40
16.30 63.20
16.30 63.30
16.30 63.30
16.30 63.30
16.30 63.30
16.30 63.10
16.20 63.30
16.20 63.20
16.20 63.30
16.20 63.30
16.20 63.20
16.20 63.30
16.20 63.20
16.20 63.20
16.20 63.20
16.20 63.20
16.20 63.20
16.20 63.30
16.20 63.20
16.20 63.10
16.10 63.10
16.10 63.20
16.20 63.20
16.10 63.10
16.10 63.10
16.10 63.10
16.10 63.10
16.10 63.10
16.10 63.10
16.10 63.10
16.00 63.10
16.00 63.10
16.10 63.10
16.00 63.00
16.00 63.10
16.00 63.00
16.10 62.90
16.20 62.70
16.20 62.50
16.30 62.40
16.40 62.10
16.40 62.00
16.40 61.90
16.50 61.80
16.50 61.70
16.50 61.70
16.50 61.70
16.20 51.20
14.20 47.00
12.30 49.10
10.80 51.70
9.80 53.90
8.90 55.80
8.30 57.80
7.90 59.00
8.20 63.20
9.20 65.60
10.30 64.30
11.00 63.50
11.60 61.90
12.10 60.00
12.50 58.40
12.80 57.80
13.10 57.20
13.30 56.40
13.60 56.70
13.70 56.60
13.90 56.40
14.00 56.20
14.20 55.90
14.20 56.60
14.20 56.40
14.30 56.10
14.30 55.70
14.40 55.80
14.50 55.50
14.50 55.60
14.60 55.10
14.70 55.50
14.70 55.70
14.70 55.60
14.70 55.20
14.70 56.00
14.70 55.30
14.80 55.80
14.80 55.30
14.80 55.90
14.80 56.10
14.80 55.90
14.80 55.90
14.80 56.20
14.80 55.80
14.70 55.70
14.80 55.90
14.80 56.00
14.80 56.10
14.80 55.60
14.90 55.60
14.80 55.70
14.90 55.90
14.90 55.30
14.90 55.70
14.90 55.70
14.90 55.00
14.90 55.50
14.90 54.90
14.90 55.60
14.90 55.40
14.90 55.00
14.90 54.50
14.90 55.40
14.90 55.60
14.90 55.90
14.90 56.00
14.90 56.40
14.80 56.90
14.70 57.60
14.70 58.00
14.60 58.20
14.50 58.40
14.50 58.50
14.40 58.70
14.40 59.00
14.30 59.00
14.30 59.00
14.30 59.00
14.30 59.00
14.20 59.00
14.30 59.00
14.30 59.10
14.30 59.00
14.30 58.70
14.30 58.70
14.30 59.10
14.40 59.10
14.50 59.00
14.60 58.90
14.70 58.80
14.70 58.80
14.80 58.70
14.80 58.60
14.90 58.50
14.90 58.40
14.90 58.30
14.90 58.20
15.00 58.10
15.00 58.00
15.00 58.00
15.00 58.10
15.00 58.00
15.00 58.00
15.10 58.00
15.10 58.00
15.00 58.00
15.10 58.10
15.00 58.10
15.10 58.00
15.10 58.00
15.10 58.00
15.10 58.00
15.10 58.00
15.10 58.10
15.10 58.10
15.10 58.10
15.10 58.10
15.10 58.10
15.10 58.10
15.10 58.10
15.10 58.10
15.10 58.10
15.10 58.10
15.10 58.50
15.10 58.60
15.20 58.50
15.10 58.50
15.10 58.30
15.20 58.30
15.20 58.30
15.20 58.40
15.20 58.40
15.20 58.40
15.20 58.50
15.20 58.50
15.20 58.50
15.20 58.40
15.20 58.50
15.20 58.50
15.20 58.50
15.20 58.50
15.30 58.50
15.20 58.50
15.20 58.60
15.20 58.60
15.30 58.60
15.30 58.60
15.30 58.60
15.30 58.60
15.20 58.70
15.30 58.70
15.30 58.70
15.30 58.70
15.30 58.70
15.30 58.70
15.30 58.70
15.30 58.80
15.30 58.80
15.30 59.80
15.40 59.30
15.40 59.10
15.40 59.00
15.40 59.00
15.40 59.00
15.40 59.00
15.50 58.90
15.50 58.90
15.50 58.90
15.50 58.90
15.40 59.00
15.50 59.00
15.40 59.00
15.40 59.00
15.40 59.00
15.40 59.00
15.30 59.10
15.30 59.10
15.30 59.20
15.20 59.20
15.20 59.30
15.20 59.40
15.20 59.40
15.20 59.50
15.20 59.50
15.20 59.60
15.10 59.70
15.10 59.70
15.10 59.80
15.00 59.90
15.00 60.00
15.00 60.10
15.00 60.20
14.90 60.30
14.90 60.40
14.90 60.40
14.90 60.50
14.80 60.60
14.80 60.60
14.80 60.70
14.80 60.70
14.80 60.70
14.80 60.70
14.80 60.80
14.80 60.80
14.80 60.80
14.80 60.80
14.80 60.80
14.80 60.80
14.80 60.90
14.80 60.80
14.80 60.80
14.80 60.80
14.80 60.80
14.80 60.80
14.90 60.80
14.90 60.80
14.90 60.80
15.00 60.80
15.00 60.80
15.10 60.70
15.10 60.70
15.20 60.60
15.20 60.50
15.30 60.40
15.30 60.30
15.40 60.20
15.40 60.10
15.50 60.00
15.50 59.80
15.50 59.70
15.60 59.60
15.60 59.50
15.60 59.40
15.70 59.30
15.70 59.20
15.80 59.10
15.90 58.90
16.00 58.80
16.10 58.50
16.20 58.30
16.30 58.00
16.40 57.80
16.50 57.30
16.70 57.00
16.90 56.60
17.20 56.00
17.70 54.90
18.60 53.40
19.40 51.60
20.20 49.90
20.90 48.60
21.40 47.50
21.80 46.80
22.10 46.10
22.20 45.70
22.30 45.30
22.10 45.50
21.30 46.60
20.40 48.10
19.80 49.50
19.50 50.30
19.30 50.80
19.20 51.20
19.30 51.20
19.90 50.40
20.90 48.60
21.60 47.10
22.20 46.00
22.40 45.30
22.70 44.90
22.60 44.80
22.40 44.90
22.40 44.80
22.40 44.90
22.40 44.80
22.20 44.90
22.40 45.00
22.60 44.70
22.70 44.50
22.90 44.00
23.20 43.60
23.20 43.30
23.40 43.10
23.20 43.20
23.10 43.40
22.90 43.60
22.80 43.80
22.60 44.00
22.00 44.90
21.50 45.70
20.70 47.00
19.80 48.60
19.10 50.10
18.40 51.40
17.90 52.60
17.50 53.70
17.20 54.50
17.00 55.20
16.70 55.70
16.50 56.20
16.40 56.60
16.20 57.00
16.20 57.30
16.10 57.60
16.00 57.90
15.90 58.10
15.80 58.30
15.70 58.50
15.70 58.70
15.60 58.90
15.50 59.10
15.50 59.30
15.50 59.40
15.40 59.50
15.30 59.70
15.30 59.80
15.20 59.90
15.20 60.00
15.20 60.10
15.20 60.20
15.20 60.30
15.10 60.30
15.10 60.50
15.10 60.50
15.00 60.50
15.00 60.60
15.00 60.60
14.90 60.70
14.90 60.80
14.90 60.90
14.90 61.00
14.80 61.00
14.80 61.10
14.90 61.10
14.80 61.20
14.80 61.10
14.80 61.20
14.80 61.20
14.80 61.20
14.80 61.30
14.70 61.20
14.70 61.30
14.70 61.40
14.70 61.40
14.70 61.50
14.70 61.60
14.70 61.60
14.60 61.70
14.70 61.80
14.70 61.80
14.70 61.90
14.60 61.90
14.60 62.00
14.50 62.10
14.50 62.10
14.50 62.20
14.50 62.30
14.60 62.30
14.50 62.20
14.50 62.30
14.50 62.30
14.50 62.40
14.50 62.40
14.50 62.40
14.40 62.40
14.50 62.50
14.40 62.50
14.40 62.50
14.40 62.60
14.40 62.60
14.40 62.70
14.40 62.70
14.30 62.70
14.30 62.70
14.30 62.70
14.30 62.80
14.30 62.80
14.30 62.90
14.30 62.90
14.30 62.90
14.30 62.90
14.30 63.00
14.20 63.00
14.20 63.00
14.20 63.00
14.20 63.00
14.20 63.00
14.20 63.00
14.20 63.00
14.20 63.00
14.20 63.10
14.20 63.10
14.20 63.10
14.20 63.10
14.20 63.10
14.20 63.20
14.20 63.20
14.20 63.20
14.20 63.10
14.20 63.10
14.20 63.10
14.20 63.20
14.20 63.10
14.20 63.10
13.90 61.60
13.90 62.80
13.90 63.30
14.00 63.20
14.00 62.90
14.10 62.90
14.10 62.80
14.00 62.80
14.00 62.80
14.00 62.90
14.00 62.90
14.00 62.80
14.00 62.90
14.00 62.90
14.00 62.90
14.00 62.80
14.00 62.90
13.90 62.80
13.90 62.80
13.90 62.80
13.90 62.80
13.90 62.80
13.90 62.70
13.90 62.70
13.90 62.80
13.90 62.60
13.90 62.40
13.90 62.60
13.80 62.60
13.80 62.50
13.80 62.60
13.90 62.50
13.80 62.50
13.80 62.60
13.80 62.60
13.80 62.40
13.80 62.30
13.80 62.30
13.80 62.30
13.80 62.20
13.90 62.10
13.90 62.00
13.90 61.90
14.00 61.80
14.00 61.80
14.00 61.80
14.00 61.80
14.00 61.80
14.00 61.80
14.00 61.90
14.00 61.90
14.00 62.00
14.00 62.00
14.00 62.00
14.00 62.00
14.00 62.10
14.00 62.10
14.10 62.10
14.10 62.10
14.10 62.10
14.10 62.10
14.10 62.10
14.10 62.20
14.10 62.30
14.10 62.30
14.10 62.30
14.10 62.40
14.10 62.40
14.10 62.40
14.10 62.40
14.10 62.40
14.10 62.40
14.10 62.40
14.10 62.40
14.10 62.20
14.10 62.10
14.10 62.00
14.10 62.00
14.10 62.00
14.20 61.90
14.20 61.90
14.20 61.90
14.20 61.90
14.20 61.90
14.20 61.90
14.20 61.80
14.20 61.90
14.20 61.90
14.20 61.90
14.20 61.90
14.20 61.90
14.20 61.80
14.30 61.80
14.30 61.80
14.30 61.80
14.30 61.80
14.30 61.80
14.30 61.80
14.30 61.80
14.30 61.80
14.30 61.80
14.40 61.80
14.30 61.80
14.30 61.90
14.40 61.80
14.40 61.80
14.40 61.80
14.40 61.80
14.40 61.80
14.40 61.80
14.40 61.70
14.40 61.70
14.40 61.70
14.40 61.80
14.40 61.70
14.50 61.70
14.50 61.60
14.50 61.60
14.60 61.60
14.60 61.60
14.50 61.60
14.50 61.70
14.50 61.70
14.50 61.70
14.50 61.80
14.60 61.70
14.60 61.70
14.70 61.60
14.70 61.60
14.70 61.70
14.70 61.60
14.70 61.70
14.70 61.70
14.70 61.70
14.70 61.80
14.60 61.80
14.70 61.80
14.70 61.80
14.70 61.90
14.70 61.80
14.70 61.70
14.80 61.90
14.90 61.90
15.10 61.60
15.20 61.40
15.20 61.30
15.30 61.10
15.40 61.00
15.40 61.10
15.40 61.00
15.30 60.90
15.30 61.00
15.20 61.10
15.20 61.60
15.30 61.30
15.40 61.00
15.50 60.70
15.60 60.50
15.60 60.40
15.70 60.30
15.70 60.10
15.80 60.00
15.80 59.90
15.80 59.90
15.80 59.80
15.90 59.80
15.90 59.80
15.90 59.70
15.90 59.70
15.90 59.60
15.90 59.70
15.90 59.70
15.90 59.70
15.90 59.70
15.90 59.70
15.90 59.70
15.90 59.70
15.90 59.70
15.90 59.80
15.90 59.70
15.90 59.70
15.90 59.70
15.90 59.80
15.90 59.80
16.00 59.80
15.90 59.80
15.90 59.80
15.90 59.80
15.90 59.80
15.90 59.80
15.90 59.80
15.90 59.90
15.90 59.90
15.90 59.90
15.90 59.90
15.90 59.90
15.90 60.00
15.90 60.00
15.90 60.00
15.90 60.00
15.90 60.10
15.90 60.10
15.90 60.20
15.90 60.20
15.90 60.20
15.90 60.20
15.90 60.20
15.90 60.20
15.90 60.20
15.90 60.30
15.80 60.30
15.80 60.30
15.90 60.40
15.80 60.40
15.80 60.40
15.90 60.70
15.90 60.70
15.90 60.70
15.90 60.60
15.90 60.60
15.90 60.60
15.90 60.60
15.90 60.70
15.90 60.60
15.80 60.70
15.90 60.70
15.80 60.70
15.80 60.70
15.90 60.80
15.80 60.70
15.80 60.80
15.90 60.80
15.90 60.80
15.80 60.80
15.80 60.80
15.90 60.80
15.90 60.80
15.90 60.80
15.90 60.80
15.90 60.80
15.90 60.80
15.90 60.90
15.90 60.80
15.90 60.80
15.90 60.90
15.90 60.90
15.90 60.80
15.90 60.90
15.90 60.90
15.90 60.90
16.00 60.90
16.00 60.80
16.00 60.80
15.90 60.80
15.90 61.00
15.90 61.50
15.90 61.50
15.90 61.90
15.90 61.80
15.90 61.80
15.90 61.70
16.00 61.60
16.00 61.50
16.00 61.40
16.00 61.40
16.00 61.30
16.10 61.30
16.00 61.30
16.10 61.30
16.10 61.30
16.10 61.30
16.10 61.20
16.10 61.30
16.00 61.30
16.00 61.30
16.00 61.30
16.00 61.40
16.00 61.40
16.00 61.40
16.10 61.40
16.10 61.40
16.00 61.40
16.10 61.40
16.00 61.30
16.00 61.30
16.10 61.40
16.10 61.40
16.10 61.40
16.00 61.40
16.00 61.40
16.00 61.40
16.10 61.40
16.10 61.40
16.10 61.50
16.10 61.50
16.10 61.40
16.10 61.50
16.10 61.50
16.10 61.50
16.10 61.50
16.10 61.50
16.10 61.50
16.10 61.50
16.10 61.50
16.10 61.40
16.10 61.40
16.10 61.40
16.10 61.40
16.10 61.40
16.10 61.40
16.10 61.40
16.10 61.40
16.10 61.40
16.10 61.40
16.10 61.40
16.10 61.40
16.10 61.40
16.10 61.40
16.10 61.40
16.20 61.40
16.20 61.30
16.20 61.20
16.30 61.10
16.40 61.00
16.40 60.90
16.40 60.80
16.40 60.80
16.40 60.80
16.50 60.80
16.40 60.80
16.40 60.80
16.50 60.80
16.50 60.70
16.50 60.70
16.60 60.70
16.60 60.60
16.60 60.60
16.60 60.60
16.60 60.50
16.60 60.50
16.60 60.50
16.70 60.50
16.70 60.40
16.70 60.40
16.80 60.30
16.80 60.20
16.80 60.20
16.90 60.10
16.80 60.10
16.90 60.10
16.90 60.10
16.90 60.10
16.90 60.10
17.00 60.00
17.00 60.00
17.00 59.90
16.90 60.00
16.90 60.10
16.80 60.30
16.70 60.50
16.50 60.70
16.50 60.80
16.40 61.20
16.30 61.40
16.40 61.90
16.50 61.90
16.70 61.60
16.90 61.10
17.00 60.90
17.10 60.70
17.20 60.60
17.30 60.40
17.30 60.30
17.50 60.20
17.40 60.20
17.50 60.10
17.50 60.00
17.60 60.00
17.60 59.80
17.70 59.80
17.70 59.90
17.70 59.80
17.70 59.80
17.70 59.80
17.70 59.80
17.80 59.70
17.90 59.70
17.90 59.60
17.90 59.60
17.90 59.70
17.90 59.70
17.90 59.70
17.90 59.70
17.90 59.70
17.90 59.70
17.90 59.70
18.00 59.70
18.00 60.10
18.00 60.20
18.00 60.10
18.00 60.10
18.00 60.10
18.00 60.00
18.00 60.10
18.00 60.10
18.00 60.10
18.00 60.10
18.00 60.20
18.00 60.10
18.00 60.20
18.00 60.10
18.00 60.10
18.00 60.20
18.10 60.10
18.10 60.10
18.10 60.10
18.10 60.20
18.10 60.00
18.20 60.10
18.20 60.10
18.20 60.30
18.20 60.10
18.20 60.00
18.20 60.10
18.20 60.10
18.20 60.10
18.30 60.10
18.20 60.10
18.30 60.10
18.30 60.10
18.30 60.10
18.30 60.00
18.30 60.00
18.40 60.00
18.40 60.00
18.40 60.00
18.40 60.00
18.40 60.00
18.40 60.10
18.40 60.10
18.40 60.10
18.50 60.10
18.50 60.00
18.50 60.00
18.50 60.00
18.50 60.10
18.50 60.10
18.50 60.00
18.60 60.10
18.60 60.30
18.60 60.40
18.60 60.70
18.70 60.50
18.70 60.40
18.70 60.50
18.70 60.40
18.70 60.40
18.70 60.40
18.70 60.50
18.70 60.50
18.70 60.50
18.70 60.50
18.70 60.50
18.70 60.50
18.70 60.60
18.70 60.90
18.70 60.60
18.80 60.60
18.80 60.60
18.80 60.50
18.80 60.50
18.80 60.60
18.80 60.70
18.90 61.60
18.90 61.30
19.00 61.00
19.00 61.00
19.00 60.90
19.10 60.90
19.00 60.80
19.00 60.80
19.00 60.70
19.00 60.70
19.00 60.70
19.00 60.80
19.10 60.90
19.10 60.90
19.10 60.90
19.10 61.00
19.00 61.10
19.00 61.10
19.00 61.20
19.00 61.20
19.00 61.40
19.00 61.40
19.00 61.60
19.00 61.50
19.00 61.50
19.00 61.70
19.10 61.70
19.10 61.70
19.10 61.80
19.10 61.90
19.10 61.90
19.10 62.10
19.10 62.10
19.10 62.10
19.10 62.10
19.10 62.20
19.10 62.30
19.10 62.30
19.10 62.40
19.10 62.50
19.10 62.60
19.10 62.70
19.10 62.70
19.10 62.70
19.10 62.80
19.10 62.90
19.10 63.60
19.10 63.20
19.10 63.40
19.20 63.50
19.20 63.30
19.20 63.50
19.20 63.40
19.20 63.40
19.10 63.40
19.20 63.30
19.10 63.40
19.10 63.40
19.20 63.30
19.20 63.30
19.20 63.30
19.20 63.40
19.20 63.50
19.10 63.70
19.20 63.60
19.10 63.70
19.20 64.00
19.20 63.70
19.20 63.70
19.20 63.70
19.10 63.70
19.20 63.70
19.20 63.80
19.20 63.80
19.20 63.80
19.20 63.80
19.20 63.80
19.20 64.00
19.20 63.90
19.20 63.80
19.20 63.80
19.20 63.80
19.20 63.80
19.10 63.80
19.20 64.10
19.20 64.00
19.20 64.00
19.20 64.00
19.20 64.10
19.20 64.00
19.20 64.00
19.20 64.00
19.20 63.90
19.20 64.00
19.20 64.00
19.20 64.00
19.20 63.90
19.20 64.00
19.20 64.00
19.20 64.00
19.20 64.10
19.20 64.00
19.20 64.00
19.20 63.90
19.30 64.00
19.30 63.90
19.30 64.00
19.20 64.00
19.20 64.00
19.20 64.00
19.20 63.90
19.20 64.00
19.20 64.00
19.20 64.00
19.30 63.90
19.30 63.80
19.30 64.00
19.30 64.00
19.30 64.00
19.30 64.60
19.30 64.80
19.30 64.30
19.30 64.10
19.30 64.10
19.30 64.10
19.30 64.10
19.30 64.10
19.30 64.10
19.30 64.10
19.30 64.10
19.30 64.40
19.40 64.50
19.30 64.30
19.30 64.20
19.30 64.20
19.30 64.30
19.30 64.30
19.30 64.40
19.20 64.40
19.30 64.40
19.30 64.40
19.30 64.40
19.30 64.40
19.30 64.40
19.30 64.40
19.40 64.30
19.40 64.40
19.40 64.30
19.40 64.40
19.40 64.40
19.30 64.40
19.40 64.40
19.40 64.50
19.40 64.50
19.40 64.50
19.40 64.60
19.40 64.60
19.40 64.60
19.40 64.60
19.40 64.70
19.40 64.90
19.40 64.80
19.40 64.90
19.40 64.80
19.40 64.80
19.40 65.00
19.40 65.00
19.40 65.00
19.40 65.20
19.40 65.10
19.40 65.00
19.40 65.40
19.40 65.30
19.40 65.60
19.40 65.40
19.40 65.40
19.40 65.40
19.40 65.30
19.40 65.30
19.40 65.30
19.40 65.30
19.40 65.10
19.40 65.10
19.40 65.20
19.40 65.20
19.40 65.10
19.40 65.20
19.40 65.10
19.30 65.10
19.30 65.20
19.30 65.50
19.30 65.30
19.40 65.40
19.40 65.20
19.40 65.20
19.40 65.20
19.40 65.40
19.40 65.20
19.40 65.10
19.30 65.00
19.30 65.10
19.30 65.10
19.30 65.10
19.30 65.10
19.30 65.40
19.40 65.30
19.40 65.60
19.40 65.30
19.40 65.30
19.40 65.20
19.40 65.20
19.40 65.10
19.40 65.00
19.40 65.00
19.40 65.10
19.40 65.20
19.40 65.10
19.40 65.10
19.40 65.00
19.30 65.00
19.30 65.00
19.30 65.00
19.30 65.00
19.30 65.00
19.30 65.00
19.30 65.00
19.30 65.00
19.30 65.00
19.30 65.00
19.30 64.90
19.30 65.10
19.30 65.10
19.40 65.30
19.40 65.30
19.50 65.30
19.40 65.70
19.40 65.40
19.40 65.30
19.40 65.40
19.40 65.30
19.40 65.30
19.40 65.30
19.40 65.30
19.40 65.30
19.40 65.30
19.40 65.40
19.40 65.30
19.40 65.30
19.40 65.30
19.30 65.30
19.40 65.30
19.30 65.30
19.30 65.30
19.30 65.30
19.20 65.40
19.30 65.40
19.30 65.30
19.30 65.30
19.20 65.30
19.30 65.30
19.30 65.30
19.30 65.30
19.30 65.80
19.30 65.50
19.40 65.50
19.40 65.40
19.40 65.40
19.40 65.30
19.40 65.30
19.40 65.30
19.40 65.30
19.40 65.30
19.40 65.30
19.40 65.20
19.40 65.40
19.40 65.30
19.40 65.30
19.40 65.90
19.40 65.70
19.40 65.50
19.40 65.40
19.40 65.40
19.50 65.30
19.40 65.30
19.40 65.30
19.50 65.30
19.40 65.30
19.50 65.30
19.40 65.20
19.40 65.20
19.40 65.20
19.40 65.20
19.40 65.20
19.40 65.20
19.40 65.20
19.40 65.10
19.40 65.20
19.50 65.20
19.50 65.10
19.50 65.10
19.50 65.10
19.40 65.10
19.40 65.20
19.50 65.30
19.40 65.30
19.40 65.30
19.40 65.20
19.40 65.20
19.30 65.20
19.40 65.10
19.30 65.10
19.30 65.10
19.30 65.10
19.30 65.10
19.30 65.10
19.30 65.10
19.30 65.10
19.30 65.10
19.30 65.10
19.30 65.00
19.30 64.90
19.30 65.20
19.30 65.10
19.30 65.10
19.30 65.10
19.20 65.10
19.30 65.00
19.30 64.90
19.30 65.00
19.30 64.90
19.30 65.00
19.30 65.10
19.30 65.30
19.30 65.40
19.30 65.20
19.30 65.20
19.40 65.20
19.40 65.10
19.40 65.10
19.40 65.10
19.40 65.00
19.40 65.00
19.40 65.00
19.40 64.90
19.40 64.90
19.40 65.00
19.40 64.90
19.40 64.90
19.40 64.90
19.40 65.00
19.40 64.90
19.40 64.90
19.40 64.90
19.40 64.80
19.40 64.90
19.40 64.90
19.40 64.90
19.40 65.00
19.40 64.90
19.30 64.80
19.40 64.90
19.40 64.80
19.40 64.90
19.30 65.10
19.30 65.00
19.40 64.90
19.40 64.80
19.30 64.80
19.30 65.00
19.40 64.90
19.30 64.90
19.40 64.90
19.30 65.00
19.40 64.90
19.30 65.00
19.40 65.10
19.40 65.10
19.40 65.00
19.40 64.90
19.40 64.80
19.40 64.80
19.40 64.80
19.40 64.70
19.40 64.70
19.40 64.80
19.40 64.80
19.30 64.80
19.30 64.90
19.30 64.90
19.30 64.90
19.30 65.00
19.30 64.90
19.30 64.90
19.30 64.90
19.30 65.00
19.30 64.90
19.30 64.90
19.30 64.90
19.30 65.00
19.20 65.10
19.30 64.90
19.30 64.90
19.30 64.90
19.30 64.90
19.30 64.90
19.40 64.70
19.40 64.70
19.40 64.70
19.40 64.90
19.40 64.80
19.40 64.70
19.30 64.70
19.30 64.70
19.30 64.70
19.30 64.70
19.30 64.90
19.30 64.70
19.30 64.80
19.30 64.80
19.30 64.80
19.30 64.90
19.30 64.80
19.40 64.80
19.40 64.80
19.30 64.70
19.30 64.80
19.30 64.90
19.30 64.90
19.30 65.20
19.40 64.90
19.40 64.80
19.30 64.80
19.40 64.70
19.40 64.70
19.40 64.70
19.10 63.10
18.70 60.70
18.50 61.70
18.20 61.80
18.00 61.90
17.40 56.60
17.00 58.80
16.90 60.00
16.90 60.90
17.00 62.40
17.00 62.10
17.00 63.30
17.00 61.70
16.90 63.00
17.10 63.70
17.20 63.60
17.20 63.40
17.20 63.20
17.20 63.00
17.20 62.90
17.30 62.90
17.30 62.80
17.30 62.80
17.30 62.80
17.30 62.70
17.30 62.50
17.30 62.50
17.40 62.30
17.40 62.30
17.40 62.30
17.30 62.20
17.30 61.90
17.20 62.30
17.20 62.20
17.10 61.90
17.10 62.10
17.10 62.00
17.00 61.70
17.00 61.60
16.90 61.40
16.90 61.30
16.90 61.30
16.90 61.10
16.90 60.90
16.90 60.80
16.80 60.60
16.80 60.70
16.80 60.50
16.80 60.30
16.80 60.20
16.80 60.00
16.80 59.90
16.80 59.80
16.70 59.70
16.70 59.60
16.70 59.30
16.70 59.40
16.70 59.20
16.70 59.10
16.70 58.90
16.70 58.90
16.70 58.80
16.70 58.90
16.60 58.80
16.70 58.50
16.70 58.40
16.70 58.40
16.80 58.20
16.80 58.00
16.90 57.80
16.90 57.90
16.90 57.80
16.80 57.70
16.70 57.70
16.70 57.50
16.60 57.40
16.50 57.50
16.50 57.40
16.40 57.10
16.40 57.30
16.30 56.60
16.30 56.80
16.30 55.90
16.20 56.90
16.20 57.40
16.20 56.90
16.10 56.70
16.20 57.30
16.20 57.30
16.20 57.30
16.20 57.40
16.20 57.30
16.20 57.30
16.10 57.10
16.10 57.70
16.10 57.80
16.10 57.80
16.00 57.60
15.90 57.70
15.80 58.00
15.70 57.90
15.70 57.80
15.70 57.70
15.50 57.60
15.30 57.70
15.30 58.20
15.30 58.20
15.30 58.40
15.30 57.80
15.30 57.10
15.30 56.90
15.30 57.20
15.30 57.00
15.30 57.40
15.40 56.70
15.40 57.60
15.50 57.30
15.50 57.30
15.60 57.40
15.60 57.50
15.60 57.70
15.60 57.70
15.60 58.20
15.60 58.50
15.60 58.60
15.60 58.70
15.60 58.60
15.60 58.50
15.60 58.60
15.60 58.60
15.60 58.60
15.60 58.70
15.60 58.70
15.60 58.80
15.50 58.80
15.50 58.80
15.50 58.90
15.50 58.80
15.50 58.90
15.50 59.00
15.50 59.00
15.50 59.00
15.50 59.10
15.50 59.60
15.50 59.20
15.50 59.10
15.50 59.00
15.40 58.80
15.40 59.00
15.40 58.90
15.40 59.10
15.40 59.20
15.40 59.20
15.40 59.20
15.40 59.20
15.40 59.20
15.40 59.20
15.40 59.20
15.30 59.20
15.40 59.30
15.30 59.30
15.30 59.20
15.40 59.30
15.40 59.20
15.40 59.20
15.40 59.20
15.40 59.20
15.30 59.20
15.30 59.10
15.30 59.10
15.30 59.10
15.30 59.20
15.40 59.20
15.40 59.10
15.40 59.10
15.40 59.20
15.40 59.10
15.30 59.20
15.30 59.20
15.30 59.10
15.30 59.00
15.30 59.10
15.30 59.00
15.30 59.00
15.30 59.20
15.30 59.40
15.30 59.60
15.30 59.60
15.30 59.70
15.30 59.70
15.30 59.70
15.30 59.70
15.30 59.70
15.30 59.70
15.30 59.70
15.30 59.70
15.30 59.80
15.30 59.90
15.20 59.90
15.20 59.90
15.20 59.70
15.10 59.60
15.20 59.50
15.20 59.30
15.10 59.10
15.20 59.40
15.20 59.40
15.20 59.30
15.20 59.40
15.20 59.30
15.20 59.30
15.20 59.30
15.20 59.20
15.20 59.10
15.20 59.10
15.20 59.00
15.20 58.90
15.20 58.90
15.10 58.90
15.20 58.90
15.20 58.80
15.20 58.80
15.20 58.80
15.10 58.80
15.20 58.90
15.20 58.80
15.20 58.80
15.10 58.90
15.10 58.90
15.10 58.90
15.10 58.80
15.20 58.80
15.20 58.80
15.10 58.70
15.20 58.70
15.10 58.80
15.10 58.70
15.10 58.70
15.10 58.70
15.10 58.80
15.10 58.80
15.10 58.80
15.10 58.80
15.10 58.80
15.10 58.80
15.10 58.80
15.10 58.80
15.10 58.80
15.10 58.80
15.10 58.80
15.10 58.70
15.10 58.70
15.10 58.70
15.10 58.70
15.20 58.70
15.10 58.60
15.20 58.60
15.10 58.60
15.10 58.60
15.10 58.60
15.10 58.60
15.10 58.60
15.10 58.60
15.10 58.60
15.10 58.50
15.10 58.40
15.10 58.40
15.10 58.40
15.10 58.40
15.10 58.40
15.00 58.40
14.90 58.40
14.80 58.40
14.80 58.10
14.80 57.90
14.80 58.20
14.80 58.20
14.90 58.20
14.90 58.10
14.90 58.10
14.90 58.00
15.00 58.00
15.00 57.90
15.00 57.90
15.00 57.90
15.10 58.00
15.10 58.00
15.10 58.10
15.10 58.00
15.10 58.00
15.10 58.10
15.10 58.20
15.10 58.20
15.10 58.30
15.10 58.30
15.10 58.30
15.10 58.40
15.10 58.40
15.10 58.40
15.10 58.40
15.10 58.50
15.10 58.50
15.10 58.50
15.10 58.50
15.20 58.60
15.20 58.50
15.20 58.50
15.20 58.50
15.20 58.50
15.20 58.40
15.20 58.50
15.20 58.50
15.20 58.60
15.20 58.70
15.10 58.80
15.20 58.80
15.10 58.90
15.10 58.90
15.10 59.00
15.20 59.00
15.10 59.10
15.10 59.10
15.10 59.20
15.10 59.20
15.10 59.20
15.10 59.20
15.10 59.20
15.10 59.30
15.10 59.30
15.10 59.30
15.10 59.30
15.10 59.30
15.10 59.30
15.10 59.40
15.10 59.40
15.10 59.40
15.10 59.50
15.10 59.40
15.10 59.50
15.10 59.50
15.10 59.50
15.10 59.60
15.10 59.60
15.10 59.60
15.10 59.70
15.10 59.70
15.10 59.70
15.10 59.70
15.10 59.70
15.10 59.70
